35594250
29292031
34337657
32711842
34128963
33710953
33351754
32172688
35354136
31173946
34493371
36284125
29982330
29949990
36403354
29186339
33840138
35510918
28881996
31535994
32407508
28655203
34883531
32069281
33450063
36057198
27570656
31919596
29868279
30137210
35939475
31389563
33571205
26508755
33283505
33264391
29363427
28961965
31068967
30184055
36274236
30581910
29801431
28595376
32938397
34034715
31173058
30165477
33324444
33269929
28453682
35994538
31805063
31209473
34394197
25129695
32398145
35349838
35189638
32207937
35232068
31704962
35497046
35130112
32437529
34688247
32511491
28402395
26713261
34003746
33787868
31856669
32003771
29528364
32941613
34302453
36910011
33481709
32802276
35243479
30404611
29949987
31971581
34922440
34517517
32399562
35043143
33534720
35699774
31960374
22711784
36279588
33188264
32753028
28806759
30500878
29547932
28122779
33409121
31262303
31804671
35793413
32422648
29425308
33515236
34404355
32657397
29151135
35664339
26496191
32668919
32905086
36179082
34050747
30500881
33720332
21169373
31783254
24994890
30864311
32191882
36586231
31494667
32912314
33720325
35695776
31572629
28597937
30382840
30204848
33680209
33704421
35713581
30304378
33382655
32717040
32735310
28105307
27484442
35860374
33381840
31825995
31218366
33075075
33588753
35305581
29676773
30867032
32348450
29270229
31443043
26656567
34433407
35849680
35368074
34661112
34780330
35749590
29304741
35156023
30878035
27587667
29868872
35016079
32070995
28158392
25553811
30561544
35961023
34864901
31822265
33973997
29533817
29110632
30957838
34982682
34214079
33768631
35150235
30875428
26833344
33973820
33677499
34986264
33320936
34330122
30351359
33245114
28973463
37015375
36325073
33465132
29150814
36182102
34890139
30228952
33585910
29982281
30101356
32657417
34198389
35801503
35495139
30165373
35238346
29121165
24855438
33118816
35991563
32658740
36058054
36419623
35130143
30460711
31285647
27378293
33856995
29950002
33681991
33431004
28011783
31287494
36130276
32592658
25747054
28837112
29626295
28035028
36053172
35105077
36413746
35036922
32972363
32849772
35085870
33042962
28377776
29868858
36377483
31088372
34539193
26819469
32249316
35393428
34729462
32960209
35896914
30804760
31768265
26797021
34028557
27357171
28365756
30423063
30423077
31653243
33819146
33580675
31438847
31349863
33979356
35114401
29590101
33270559
35104404
29046389
35366792
35926337
32406914
33045081
32227192
36712859
35995898
30060088
34270210
29659708
34986221
36304274
30896917
25786205
35962724
26101548
35138128
29790921
33687221
35310659
30649250
32568678
27153714
36340405
28957499
33810991
34381207
28108448
29857031
32845150
33509077
31510665
27187206
31588782
32365170
32448124
30994904
32652926
32657412
35316185
30520972
29668842
34270685
31268128
30792474
31902755
36282522
26573684
34086863
36205845
28334108
28113934
31287496
35035265
32987550
36525361
30813885
33381837
32726397
31904419
30942877
31131080
36047841
32614445
33331849
30102408
34236980
29790190
28186240
34635615
33459762
31114675
36128510
31681429
34214038
36581214
26972162
31290943
27187200
36250784
27503222
32778142
35238330
36517735
36495018
28165112
32623815
28666320
31063501
36568700
35532083
23796449
33892802
34042953
36950142
34849595
28379368
25115706
26076734
31796388
35526237
34914588
34731775
35924980
32065617
32065578
35799353
25638815
31120875
36091495
34601553
34871167
32346552
28795112
29763967
28671995
35801913
33852600
25649621
26391627
33544558
29688366
31029080
31015974
32142440
33730352
31259020
31197307
30889216
32311025
31432329
32821910
35575313
28967166
29785479
34056314
35552638
33072547
29795570
36223196
31778144
35594233
36699356
29949958
30535283
35602026
30903684
33512157
27318199
31580402
33526072
28950861
32825808
30349041
36027876
26209068
27011215
34913057
29566132
32910174
33481784
33258967
29447401
34431982
36124798
33461500
33380322
32312224
33533614
34270680
31141124
34383754
35867359
35377870
25015648
31323206
33453108
29850891
36267181
29265724
31236097
35653901
25799441
26280568
35614082
34788791
33300982
35588568
31509525
36240041
33577560
35081109
23630176
31509381
32561899
35671591
36155797
34336399
30669962
30342468
31078111
35201291
35420989
33844699
35217397
32997631
35104320
33677108
33850146
29656107
30379882
28974263
24860644
24574113
27708423
27587655
37034305
36376928
33430993
30833650
30867986
32609318
31132275
31443728
30532199
29982314
25927999
31004476
33431047
31510686
27481212
32280947
30799504
35579371
34604556
27153614
30271584
29931053
31693070
34197462
36381610
34125875
29346510
29949960
33823553
30590471
35176756
27048905
31930398
32165788
32559172
31856883
34958566
24564706
29474529
30295730
35192729
30394573
35133933
33662531
30364599
31110304
34623374
30084956
34546073
31067238
32097410
33617450
36240040
31870979
23734710
27153645
28587632
31488068
30169569
32449758
28249561
36329636
36163232
31510694
33289510
28203701
35622806
33606709
32770460
30256897
36623381
25649617
29343727
36198065
31714223
32130242
35311639
30649258
35136070
28858785
34473813
25056180
31070714
34123359
31593215
30906311
33693500
31978537
33822886
33476265
31346949
32407471
36530278
31259005
32125359
34971530
36368923
34351427
29990239
36699382
36462902
34224879
36269924
28444126
35485748
35801940
35724277
29177113
30407490
32165790
28430779
34529576
36308459
32365209
31660851
35085094
31584616
34097609
33524824
31416565
33304377
28605460
36219662
31649739
26076725
21478170
34809571
35134833
32790862
30563850
35617323
31794001
29470400
28886487
33856982
36512878
35338586
29618319
32003773
34529673
33575620
31870407
31521251
27993785
26315905
36331642
32112099
36700107
29394323
31028376
34671179
29061110
32324993
28472919
27591079
31755898
24501098
31117948
27587689
28052928
24931998
29688253
24262214
31888467
33730153
32122302
35482476
30449953
32348298
35275993
34101605
29871933
34874857
36094338
36324897
35294970
35904569
32012021
31843688
28605450
30903149
36162336
26679347
28566690
34798904
34599831
32428201
36311267
27992111
30601937
28521770
29579071
26224735
36699411
26840125
32300014
26475107
28438193
26447887
35437474
26547490
34719891
36375348
30379987
35224614
34903012
33367690
32171661
32886093
32283112
34151932
28582575
34125680
31617569
30963287
33845759
28334291
36474089
29982288
33381823
32859150
34062065
32738892
35482481
30886627
32665250
26729273
29928920
25402475
22595209
31562102
33742655
36539717
32265680
33948608
33362868
28503299
31350874
34492010
37015620
35774988
32996651
33138797
31218364
32182236
28263961
30423075
33003197
31577193
33947431
35723541
30649183
32681690
29935353
31847917
26338771
29471195
33888856
33760066
31441995
33294129
30590444
34474309
33459779
30203023
31428793
29092025
31453286
31373612
26115986
30816927
36084602
31849012
35994933
30932850
36451089
35154282
27153638
29668830
32955876
26026137
36512876
31888455
36576129
32780838
28383669
28961780
32915739
31697351
33454736
33515234
31250881
32524428
35043942
28582538
35834456
30295726
36229842
35325039
34375586
32986131
25375164
33135053
34991454
33703998
34529565
27586041
33072050
33004007
32750861
35358235
33385273
29931226
35662469
33617523
26842621
29757349
36277841
34893817
26438428
34571541
33270834
35561184
32539089
32568675
34856455
36438203
28453669
34718418
30324701
29471801
31309221
35647617
36049234
34213536
32866237
34185079
30450194
28714590
35583303
36069454
35507624
31978805
34033534
34185641
32865404
27694209
31857828
35018405
35870297
31950985
29994683
31350543
34641955
33102477
30558668
28172448
35043144
31510690
31633087
35561176
34662403
34240102
29599418
35380961
34718411
31918677
34825057
35404811
31661592
28267312
26930599
34344372
35748713
26007652
32211023
36000872
35766808
32392248
32846127
35698033
35792834
27153651
32526036
29589554
35171986
25923330
27580188
30914698
32606385
35777085
29912344
30423092
23506117
28204592
33398191
26085504
28185571
30445566
31801633
33381834
34739378
34650228
36519623
34329155
32621217
32579213
36070259
26519502
32479991
32883297
35637537
33373296
23736529
33848948
31647547
35998924
33570092
34784274
36684763
35452708
30423062
33930829
34252925
30573817
35851403
33515232
36124799
34252974
35100114
27993777
30799494
31584629
34396127
36282980
36343484
36384050
28664733
35758818
37015596
24974202
34710378
33502985
31117943
33347435
31686038
32311467
31922550
36159887
28968645
35561179
25992957
32582287
29253079
35201629
29379090
33584791
33493821
35925853
31851311
28410421
31028395
32437522
34183037
30850830
33270563
33631424
30535348
30967109
36700112
30010777
30423059
36240039
23620357
31038664
30644852
33175838
29181613
27993773
34656169
31114853
34158502
34255820
30393630
29491478
27587673
30977780
36410027
35576001
36566526
36227057
29750242
31790154
27357839
29850911
35724282
33886473
29659719
32550271
35139076
36086672
31249365
27153615
31730192
32053182
35257580
30989183
33902725
32966548
28028456
34081399
30010780
36699364
32873432
32399572
27852308
35320093
27153653
35834504
35378524
36018232
32243153
33381812
20935049
31976167
33381816
30010790
33648554
35834564
35831385
26382196
33295604
34358286
36083008
28057687
32864214
31450065
33646946
25788628
30733714
35039821
27100738
34882222
34601556
35758806
32493208
27765611
35657840
32516113
35360896
32019418
31070300
30727941
35775965
30423086
28379331
23904198
35239495
33338012
28968713
34699363
31553437
35561199
35963419
31253084
32995072
30558531
34252973
30918410
36197862
29982337
35441658
35181793
32174119
28069594
35344823
34704450
35333725
32995068
29726914
26788439
31555312
30423082
33583182
35192731
33798082
30923821
36756173
27082112
36271850
36087002
34935929
28110292
35749325
35849097
32502231
32790840
28049411
34373895
34406385
35026035
35639662
30052834
30818329
32462178
36408459
33730950
33759134
29028986
28659714
28011768
36124787
32860050
33407081
35471879
30935409
33661636
28406896
34244724
30101335
34166198
32427491
28119307
31392032
34471500
33382660
34807823
31829970
24324759
31521132
33270838
36378795
34415755
28886064
34398194
31738392
35796389
34954790
27134721
35839185
30940082
23749959
32539087
36308870
35640976
30999845
31690272
25938255
28379412
35317727
34601589
31995498
36148009
28843534
30497358
31889137
33320180
31021201
32953263
34252941
27659450
32657396
32749974
31511888
32086208
23980024
33076821
35964419
35881697
28881983
34248208
35544507
36399413
37015702
34791036
32500119
32657364
30887023
29124719
29720995
35916725
32591519
33381850
31040866
34255826
34601570
34672333
33243176
21685055
34293324
27256312
31315288
30423085
32365037
34870209
33759119
32954206
34398215
32852038
35758771
32369599
27627881
32657373
35637307
29791068
34198042
33942058
30225327
37124703
28968701
31523514
36436356
35993907
28369316
34117879
32119073
34364858
35574253
35062020
36084812
24860160
35058974
32956450
25408304
29375357
25861969
33022174
34145874
28637810
34117875
32706854
31710622
28025276
36005929
34487139
30676952
31536029
30873519
32614380
33215069
36184069
32653907
27327495
33320934
30903689
34824236
32966546
34322282
31400192
35561195
32044914
30084929
36282546
36383492
29800273
32924440
25183485
33848247
26070955
35135622
36201885
36582438
29949985
36318663
35939912
35595541
33385701
31225861
34252966
29871649
30537483
33037149
31945078
35580841
35245288
32561532
36586394
25725495
34343744
34710043
29069318
36063454
34849579
34524429
27153692
34241315
29795769
33079990
29070028
33416866
35585280
28158480
31825992
31392309
32886115
35209761
34780326
35286257
33502977
27706213
31971568
31324856
34809190
35139153
34783553
35088833
36083882
34991457
33074807
34795237
30184046
28025204
33775256
34257841
23303508
29800651
29036513
35286461
35119811
31198636
34101585
36094347
37015404
32466691
29309511
30614534
36178571
35588409
35785021
36262334
35946873
31529041
36700108
34403932
36124804
28056782
34755837
31725862
26653891
20562450
30423091
29617731
30583139
29932424
28011767
29722785
28398468
36875992
32174963
32657388
26377073
27435615
31290946
34329376
33677505
35850048
29790939
34860150
36685885
26635140
27797784
35128343
30735486
36124788
35330935
33119053
25253358
27797770
31309005
33413610
28172557
36425113
31218344
32912170
32653926
31508207
36368344
31603468
33784600
31842925
32152330
29950012
34245242
28520987
31197313
36330358
28062445
35716619
30463553
30136936
30873546
32947047
33686856
34694364
29949982
32702486
26399714
29126153
33576396
30458005
33346827
33367584
32183707
28419258
27587665
33471066
34623430
31888434
30547399
34450624
34570758
32356764
34022787
30816925
30060142
34004411
34230965
35721178
27322848
29782487
35792069
29340253
31461459
35021191
28484262
26209798
35713500
23090981
32003791
35104333
26763976
31831407
35539017
30849979
34447942
32653898
35767485
30785192
34855584
34545927
33787851
32985524
26587054
33872144
34101606
30329022
31742317
36016822
32421831
30634902
33720293
35030988
26072503
31347658
34039269
33879054
34587451
26883915
33745450
34744183
27993779
36074804
32657366
31504205
28362877
33691023
30184048
35421797
35849817
32786700
32164554
32061125
36375412
34139155
32264950
36517892
35081029
31419937
30340080
36369226
34727027
33045012
34037706
33040150
29616063
30993318
35154300
29877507
33954119
35924984
30407500
27284087
36179091
35150231
29949953
36395139
26851340
31392430
33719168
36539938
29740518
32437519
36134032
35259105
31830249
34053094
34165490
35439133
35758778
28854978
30452641
35596953
30496344
30698645
31533864
36315993
34908103
33606645
26502173
33165574
32096823
28334266
30782135
34765090
29643839
35040929
36244305
36503372
35400313
33381843
30785185
32657414
28449031
35664040
35373388
30601936
29049343
30875409
31106327
28679158
32556148
33415328
35432950
34088961
30048445
36522758
36565481
24297520
32221609
27043934
28186226
25474353
36124869
35482530
30563849
32321164
26630308
32859148
36699389
36099219
26361499
30192918
28700989
30668829
26963062
35929781
34910656
34932474
32245364
33824193
30959271
32683450
29762645
29300834
30247633
30836155
35436194
30958542
35235512
32809944
33708457
31504201
33515011
35834450
35368055
34567278
36448022
35561158
30947069
32743020
28444127
32493396
27560519
30407584
30816726
34027500
29072143
29994416
29036616
29959685
27806683
31197318
31881822
28723579
34790895
27158457
33890502
30753588
36700086
36121957
33532820
32547592
36543003
36053166
36229609
37193322
28608703
32972671
32721383
31329576
32413103
31937547
33251246
28498906
31600071
35891777
35314342
34262591
37015418
31752016
28520855
31702787
35099519
27000291
36288772
36124802
34694393
33230554
31240307
32091581
29119702
33821270
35709111
26443060
35929807
30888556
30407484
32265477
34119695
36151268
26864881
33141668
33405340
24872423
28881961
36221136
26538306
36050488
36343000
31423789
33381846
28057858
31437878
31702788
33165513
35254994
28344990
32315391
34999771
35020590
30295745
34788790
27412090
35612186
31503285
34050729
32858457
29868725
30418481
30871681
33160308
35255944
34362312
33092528
33156786
27473172
36992918
34302462
33772587
35664227
33472984
30816920
30407590
32931429
28503667
30768150
33135060
34569713
36168679
34270679
32365032
22235263
29036421
30101309
32180789
30601942
36643418
29745847
33772539
24930140
33210433
35648878
35699473
32155140
30898084
33381838
34586355
28883548
35139013
35088055
30080140
34892526
25699217
34898442
34450651
33048673
32369554
31072312
36524105
34559044
26678515
33384902
28383704
36064320
32224471
31226076
36250203
29371840
31681944
33538839
32663130
24128146
36532945
34978568
26568629
34505994
33872156
30590407
34908121
33285356
34717189
33587696
30337340
36699354
32118530
34875000
33639834
36414666
33241313
33524009
25573116
34934100
34410861
36306325
29876136
31307130
30947071
32085722
31999333
30092755
32539144
34620862
35962324
33566757
33434139
34033539
28449114
35281831
29758091
28981612
31062858
30923831
36699384
36698762
34141873
34136800
24741440
33647871
36073882
22302574
33889181
32407523
33636485
37015443
34718413
32122303
35157303
33126246
35810236
29659720
33334380
33135046
32086216
35427986
35532815
31510700
33554117
35662462
32966210
36713887
35050854
30032240
27153733
36195238
34899854
31834354
27576531
34935928
35616099
36516971
30598068
32528447
33575648
36002797
29939210
34126932
26520855
29954318
32491986
33820988
28334105
35963184
33443536
36315496
33460380
30093893
36309196
31165141
33826687
34544357
28991750
31782759
30496231
30566647
33318503
31688931
33367476
29718104
32144347
31894981
28678712
32053166
32993482
32657391
28472388
29917012
35733251
30444017
29896173
31544213
32614393
33500897
30910724
30297454
32277816
27515738
31248401
32574987
31860156
26715670
31793979
27153689
32393397
33576390
35227283
25159222
24947752
34941890
36699366
35801930
34241589
27134733
31930404
33399819
30623484
32774783
26454276
34034751
33971574
32530587
35876789
34469518
26640363
30009991
30819774
28416945
29577088
28035032
28542466
31392327
35134828
31542416
34847169
29028892
28499413
34220432
36592580
36074872
36126833
34130622
28889076
32597959
29228294
35286304
34653003
27307614
27307638
36303740
35289871
26589274
34905571
33367501
28252402
33481821
29048524
36217386
32568373
32053185
34244782
34555392
33662620
36002937
32315334
24555103
33181823
32116467
31093647
34198216
35468967
36271853
36045507
23668630
28931373
28334306
34897387
35492172
35854729
34974623
28968689
35425667
35715615
34273146
37015692
32857697
32224462
34553212
31246951
32322367
28472965
32991583
37015657
31921040
34673485
30376061
34986598
29206901
33142319
26855675
27153601
31971565
26124555
33390682
35503853
32796939
28768481
34116148
31794006
30084962
33299912
32915967
29930799
31736974
34214957
30475983
26361502
31621826
34009299
33750689
31094065
29220442
31416467
34941991
29361152
35861390
28459942
28369225
28204566
33471121
35004897
30219853
30991099
26568632
34289010
37139473
29543149
33018351
32348455
34595403
31666118
24695491
32117371
33320174
30052771
35717914
34724984
35749327
33781324
35762945
36478706
35192366
32903372
35020801
28108446
31543820
34764594
33555318
33075523
32821925
36548122
33822856
30256901
33338382
33909577
30519278
36450186
31930375
29236954
27781409
33788693
30753298
30286710
35946527
31568525
35788263
34252959
37015572
28278479
32293263
32277818
28436873
31160636
32022861
35900147
36099042
34718405
35763881
25344497
30813883
34599234
29298679
30423096
36326078
32568539
33882476
31584973
29700301
27797766
31141125
31922552
36315073
31319888
30445432
31588519
33647949
36321255
35022993
31649491
36379059
29675120
36166538
35494843
35765365
34315992
35818973
24675810
34990354
30921318
31264420
34841973
30808380
33492356
27587664
30561551
34132766
33830205
23129298
34255817
33609108
33346799
34411265
33471440
33561126
33435872
30863868
36475762
33359347
30577750
33027502
35947570
32149022
34716930
30020410
32176244
36824339
33819151
36341491
30445487
35748887
33630738
31754708
35560079
36700091
30618697
35965772
35876838
27288497
28486579
31622330
33852396
34353244
35436661
35432465
29771275
31903446
32612757
32005130
30238745
35060745
32176274
33436599
26685310
33352373
33787835
32745185
32497070
35499306
30666785
27153617
34650190
31225867
35642896
35794165
33926541
30165587
29309061
34297055
33821095
28278150
33200119
31746961
32928110
29036562
34694333
31125057
32167529
34329163
28950321
33989384
34699352
36246660
27153627
32503412
29641409
35876792
30190664
28186220
33548405
36377123
30304370
33417547
35799359
32860972
26130577
32415959
34029186
28334167
35834447
27111718
35679376
29973633
28582486
34938979
21899774
33662629
31703551
30202999
34505161
31197312
35894930
35536192
27647159
33703901
33713851
29463808
36262335
29241246
34003758
31260103
30304494
30052912
35130178
33126245
33014338
33098859
34866905
28845302
27711123
32249297
24078702
32246828
29528370
33137700
33623929
28379302
29935224
34310321
34181549
34062000
32516355
30479891
29410279
35758815
33045053
30065857
28172447
29688307
35192735
29048539
36700101
35617194
29771282
35274687
36698978
33300997
29989077
32873872
33367484
26246894
32249310
36699346
33407829
29340952
31730620
32149021
35863045
31077303
35396257
32766627
36034050
35578255
36383500
34021744
31479446
32966276
34893819
34332568
32915962
31233136
29617963
33338024
28328004
35285473
31969902
35776534
34551431
25505094
35172712
32735312
36525892
36000898
31879763
33232443
29668831
29762644
23178637
35464940
32939179
34861602
28093409
34326402
33926549
31797628
33275143
35218338
32196066
35177778
32437517
35849019
34362304
32684973
34033544
34571537
33791734
35751813
32657383
34695842
36008650
36103439
35022687
34537012
30445428
33843206
34413922
34498677
29037244
28605449
32849764
36699420
31490922
30402350
30590394
31217133
36378790
35366467
28025200
31797599
32031567
35724289
27318041
30918943
31350847
27232694
33381829
27587661
35143215
35259087
26637292
36480002
26913195
29337991
36502693
31360216
30398564
35675257
29040390
28405621
28200105
29755927
31342157
33284109
33575985
33539297
32221617
32926138
30020411
34785076
35821155
31373347
35713588
30642251
25978296
33779173
34280546
33602974
31618265
33822893
29884114
33667225
32870790
32683445
35752289
22151646
30725469
34415327
32264880
35124367
36700102
26935931
21994228
30247628
28968639
32692832
35941103
33974004
33580578
34786208
28821014
33436980
36656604
29741719
32415954
35765653
32661247
31504177
35771633
35309472
35413440
31816396
26568628
33594723
28692984
33647928
31593214
29186578
30329181
29280088
33910608
32364713
33106154
29036597
36029248
34882225
34058751
33325492
26315903
31737036
30759197
35139202
32117104
25294822
33590697
33381849
32183729
28011782
34125676
34056383
34003445
33961008
34213059
33951731
34871171
28191844
33471063
34310137
31526842
33371887
36401132
33780034
31096906
35561183
32701977
36227127
34101584
27461955
27318200
28633344
35598328
30716081
33228535
33621981
31248886
31504157
23995393
24281695
34250674
32007702
32124324
32865525
32722774
30332400
33872149
31603511
31584606
34232875
33359676
33341884
30555524
33230148
32649282
27257550
29899414
31742600
32873325
32864216
31004711
25520192
26392354
31099741
33239644
27634135
29444232
33048110
36070863
34352454
32415972
35065401
26076957
36218394
33431015
33417578
35671504
26072506
32614448
36494623
28816025
33476332
36699412
29587627
36184191
33705321
35771788
31449516
31783894
31677002
35561174
33502512
34792587
29053447
35608310
31510705
34303360
35007753
30913270
33485586
25931804
32257044
31194735
27153710
34457182
32467720
35981063
31504206
35931981
35639661
31147705
29300846
31657111
35758792
35251771
30477433
33315104
36074869
34252952
25372312
33190012
29295113
35737611
26545397
36040169
36244303
35015838
30669964
34273949
35561163
26977803
33381822
35512389
28269829
35196230
31197317
33897398
31086982
34760328
26850166
35900159
29950021
26754002
35561188
26628586
27503224
31173059
34435773
34297803
29126246
35755337
29914358
34145885
24672471
36383493
33816958
32960962
31368481
31510678
35443027
27570544
35706920
33245091
25526884
29979768
30517749
33211480
34276775
32428219
29187143
35984806
30165396
32449747
32320376
30485088
36123651
30967123
28470045
23987304
35475253
35795573
35758612
35132383
34928790
33966074
29370760
35947011
29629246
25192740
35487922
33304536
34019069
32087727
26644415
32176767
34543194
25075120
29514176
29250934
33270805
27634947
31510709
30376045
35180347
31722090
36699406
32396573
32640986
33533410
26269717
36304313
26220959
31060495
33704427
35767510
31510696
28348871
33402531
35536818
33165528
35713780
35687625
34320923
32368329
35601606
25667548
36209221
36220951
34757904
35367734
36417732
34652149
34415323
30534067
27736901
29931282
35773617
34888624
31373606
32797179
31783882
35262678
31774912
31472418
34239974
35866933
25075288
36333911
34908106
25914720
28158972
33051653
29218893
35118380
35749367
34975493
28968771
34021151
35512399
33031558
35751589
35685220
33468205
34882198
34449891
28082455
35275816
31596440
30772464
32678892
34237613
35839737
34586379
33560848
35401586
30993044
32634647
34428951
36006843
33280588
32830452
35277963
34125846
36332295
29072142
31114880
30400818
33080166
35321412
35239482
24618470
30868164
29186327
28166512
28369524
31455362
34280097
35107884
30414114
31843001
33900599
31845517
33275581
36094335
34496758
32045715
30592175
31011536
24336412
32915726
31193137
26423047
35594231
34789142
34888352
35781328
32609343
32687488
32330223
34941534
36699415
27733115
33621179
30020420
25064568
33031632
34037680
33326376
34585247
36388152
28334409
31350881
30407924
34741132
35188184
33047835
35030496
33765913
35365231
31508799
29746620
28158419
30247632
30304367
28881970
32705123
32817676
32881365
33315553
35036757
34021065
33476161
32729132
35136947
24812344
32135093
33417537
34999766
34172093
31618226
34642595
34780468
34529038
34494276
33051645
33067636
35962988
30215673
28515774
26072504
29691633
33428577
30850831
29218430
34108002
29040406
29688374
35598329
32601440
36535209
33240741
33133130
35157051
34529570
26454281
31392318
34978573
32051612
33513098
23071651
34252947
33071741
34450622
33835441
33716737
33316035
34621504
32634825
35689601
29687470
32396811
34252922
29790754
32813699
30903182
35105355
23736531
28645171
31093654
28113725
33613806
36323688
27214047
34874855
36205562
34875006
36688121
36040167
34252943
35571049
31116382
28954626
28617232
35552372
30994902
30295737
35263249
32685987
31827430
24931986
34768228
31930377
36225654
35025988
28894651
33899462
33106483
30239588
35489207
30659767
32872896
33407064
32834919
35758608
32283553
34591759
36699373
30137284
23505292
29868720
33614290
33107913
35386103
34792549
32972355
30808172
35862940
34596046
26819474
32349658
26034063
33028195
36579134
27159268
31588513
36111870
30507538
35672769
33576787
35238331
29790909
30165585
32657380
33471077
33974008
31328028
34601554
30564943
30304439
34956741
26342255
31998998
34814323
29368646
34437059
25254639
24148309
34460382
29702697
34427581
35562653
33595304
35191481
24152167
24564231
35639657
29992320
29955818
30954476
27540270
31116387
34967936
31985777
35797275
34586372
27905871
31070720
32292649
34487140
35245044
32525207
32444848
36347512
29617932
27896969
29914482
36565359
32101277
35786716
35279423
32597948
35989601
32589017
31539022
35451456
31510651
33039785
37077404
29579179
32134380
34398192
26276516
36209437
30307536
30202119
34890783
31649722
26350211
31873724
35260777
29260268
32308928
31790679
31830243
35673616
30060113
32264931
28881977
34954425
34403338
35992043
35082835
26743512
33792634
37015524
25614471
31874617
32989764
36159985
24472558
31636330
31134276
35561178
26729709
32777818
31639043
23202745
33774677
33391870
28517928
35552363
36056120
34664632
36000562
30224757
27587695
34543855
32814973
36306295
33270567
33239857
31630012
33691015
25701574
33275607
33279962
29176847
29762723
33543748
30550813
29843604
30414112
29042212
31742324
26556383
32108864
34966415
29990252
30615061
35462346
28225587
29950001
30701493
30579309
33560995
33970638
30689784
35688892
34500455
31295625
31808789
34252942
26335049
35314725
30993316
30202917
30916319
36119576
30500873
29881786
28259147
31501885
35799364
35752283
28334086
33780248
31070294
29908313
33566819
34358294
27549814
31390362
33126105
34498028
25707430
35198765
33508087
32520350
24688855
33070182
34545335
36738058
32726427
29346509
35749323
25521965
32065628
35136916
35799304
36051871
35834453
32003548
30923804
31504159
29300340
34876166
36699413
27605106
34498030
36777397
36264718
32573681
34623390
36304335
33170786
35584076
30988467
30726079
27531106
35518360
27998935
28365736
28160525
26517719
30403729
29672675
35040939
34244796
32299346
36170114
32717050
26134005
33325487
35727773
29949955
36568475
35797319
36347858
33634313
35551337
28093408
35502843
34291486
22556367
35758794
34183122
34931186
36349096
34487148
28594827
33909576
34405856
25481007
27153646
34965197
35751026
27556637
31510692
33174497
33734320
35581548
32086210
33394026
32078571
34252938
28957496
34560862
33577459
30541430
29912282
33346817
33956862
35648784
30758824
36007229
35445698
33872966
33961009
28316653
33876955
34101722
35474894
34169324
27992540
35432857
36516557
33596173
35099535
30202935
33974036
35645963
29026651
27153632
27052618
33575640
29893801
36056740
33090994
36274714
35047812
31797616
29293920
29236977
29790936
27587683
26543176
33599251
30962522
26653327
33743584
32119067
34812423
36433986
26743509
32746918
29509873
34499127
31265408
36120069
34849577
35653385
34437079
36084453
29028262
34196671
29657280
33631430
29499649
31297508
34117739
35398621
30590479
34726689
28398467
25080132
35731218
34613974
32134472
31808791
34910633
25147357
34252951
31872009
32516357
35506043
34855586
30084941
26443613
30443582
29186340
34341766
33459767
33372596
32600310
33595622
34512714
36242566
33289531
34609167
36344913
33523131
32011265
33155801
29621252
24588150
30848784
34788221
37015640
35652721
31361962
31077310
35014701
32643287
33016988
32504647
31829268
32528441
33983406
33755673
29387275
35879669
33594413
29484742
35853055
36124954
32568524
29444205
34352075
36260595
36047834
35636345
30627301
35894642
34111004
32124315
34170831
34494101
34046647
37015575
32703240
27795739
31536886
33188996
35043045
35860415
30543651
25178461
27277057
32791338
34789306
33557755
33306465
26545823
33983879
33904580
29420684
34544495
24700534
30153801
36099220
33900926
28011770
31581092
29110634
33147620
27198579
33934005
24681267
34817058
32259206
33627065
35191485
33018105
33051642
24478338
25506420
33244599
35713506
35463193
34542606
28792687
25202595
30136942
32340938
23894185
35615283
32657389
36165687
29157445
34252956
31435647
36446308
35389435
35228606
27942385
21724594
31947335
36040145
30423078
35239339
31604014
34855126
31070745
34335711
34353886
33051675
33165532
31134279
32818262
34242036
26072508
35238376
34527200
33983880
31727118
35022651
34739377
34996359
30572828
33789137
31846452
31904845
34543913
34404353
31545722
31691833
27716038
30286803
25075290
36303731
35235521
35689888
34339370
28373895
31971579
29420693
34727106
26374641
28389770
31622216
29722888
32821906
34408730
34449360
35030206
27602267
35289834
33602124
35685362
31996844
32073600
34171457
35641157
33190153
34289008
35561197
28961932
29401212
29790915
33385699
35696018
27307619
34705643
30012088
35771611
31481014
34851830
33434134
35544501
31117818
35780383
31054141
30421405
31523131
33929967
27085080
29522576
33886587
27680298
26280450
29882166
30865257
34653224
30989231
35106547
35108499
36214638
34213816
36542907
27716836
31077294
34279571
34736126
30423065
36315536
31824778
31247542
34788379
32243090
35312620
32746977
29215871
35854760
34078269
25192739
35595250
31697315
32176271
35536805
35964466
32492116
34864898
30207963
35686976
29262854
35465215
27225325
36436302
31324268
33135050
35358053
34904653
29186334
36222555
33774269
36314636
29020744
25322836
34559651
32857695
32386162
27684958
33824393
31742320
28673016
33581338
36251894
31088857
35033002
31609424
33294868
33787870
30768158
36176106
30989173
30118475
32494636
32766813
28348549
29272339
32428223
30676944
35753697
30777029
36274655
27307610
27153584
35913055
35446579
36324085
32670351
32369563
28231764
35951566
27504009
35561198
24191071
32983088
32374818
35247965
33940038
33790340
32894708
34983062
26231427
31183256
34314502
31978548
29048555
32766570
34818611
32780803
35212706
33515231
29603730
35363612
28137600
31510702
33093842
35615016
31384918
28025198
32181821
31665223
30400805
28409507
36700097
28881991
33471073
32801215
36124801
33686079
33983334
35075458
27288492
30179493
35635815
30561628
29608640
27588423
29036577
35083040
27634945
32951050
32511334
24586045
30887025
35747553
31200644
25818563
31298436
36083958
36399591
34050150
33106676
29939475
33087064
35274689
33827420
35674381
33236761
36699398
33325506
34864849
27790076
32167528
30423100
35607649
30984370
30657871
29420682
27142976
31856811
35452387
35310650
37128457
35213322
35561205
31235800
30543621
36310179
30788394
35758801
32470106
29746618
30445607
27797761
30407489
36118303
36086138
26363029
32311023
27708565
29949957
36513410
31621827
34636886
36846560
31487288
29028893
33493110
33384896
32324217
36468915
35104309
35015633
30169785
27784265
33500892
32818261
27638685
33720833
29950000
34252965
29036287
31363752
33970212
22712439
35967929
28493881
33945472
35096050
31197310
36441878
30395157
31182859
31449825
33581336
24458950
28459850
35152280
34752391
31410449
33568045
35935897
35048955
24990608
36316646
30535304
32684275
34169593
31510672
35836615
31271967
30010712
32035227
36161334
34086840
26873928
29506177
32893860
31824783
30865271
26648681
28655153
32660416
28961695
32437556
29850770
34240979
35176149
34048343
34790508
31117512
33416869
33480403
31262249
33892501
31038666
34093996
30184058
31156708
36413017
35840701
28089956
25960870
34499130
35172890
34396097
32502244
29993951
33868278
28334373
30777010
37015410
33135067
35127729
34623261
24489371
30395173
29028988
34252958
33602549
33497572
30462145
34745767
32657413
32413137
30395189
34908126
36086223
31387630
31686064
35135629
30893816
33159146
26733454
30809638
33661648
32497676
28369195
30388431
28033703
36699375
29186329
34086576
31883554
36699403
28334120
34999750
35595235
32706368
31392316
32693019
34930116
29982379
36383528
35780170
36699349
30395166
36071071
34174829
30890172
24845654
32502143
32294194
36699380
32534132
34331449
31888454
32118203
36182762
35021210
36327102
36508242
32761082
33693581
36260587
26020645
28092529
33586368
36205602
26679379
30852249
31990289
34394200
25984700
30393377
31510654
32877342
28605539
32945673
34403336
33961321
33304261
35963474
32657367
30247624
35575002
28453684
30994899
35133016
31220250
33307250
31448616
34941501
30851095
31396256
34570169
36083957
36334368
30945256
29659710
32853816
34434553
34152981
33119511
27587682
33332269
34568823
34358288
36304309
27879036
34008127
35768752
33989151
29308454
30475993
29036413
30032263
36124792
33532840
34871451
32935832
29474557
31613246
26424859
34483709
30419785
31101593
33793906
28476119
32105316
33416852
35669347
29931098
33755553
32194629
29509844
30911754
29126132
32915731
32879935
33963851
35152286
32119079
34850828
29949981
29774017
27412092
26529772
34367472
24211736
31214700
28065902
33523234
30649284
33147142
31510681
35799281
34260702
28961954
35093730
28065903
28055896
32750864
31245182
32746239
34390568
28334094
36124806
36562289
25338717
35896974
36448715
32516825
34252931
35140207
35240379
29036573
32251504
33980133
29763731
29989075
29718112
33547826
32044918
32170932
34806017
36173322
35308963
36950141
35561169
26668004
33074826
35199137
29868922
24627786
35876858
29949971
27259541
36061673
32041517
34290733
35561186
34864890
29087446
31218349
29939217
28165109
35091277
30624651
29136101
35069687
29069299
34864908
34587098
26934708
26781640
35674359
35012455
36203144
30486389
26369703
33300547
28961984
28968723
33964132
32689946
34293850
26656932
32521773
35085079
36282823
35150255
31266446
31913435
29994455
35194056
30225286
35653511
33546598
36303244
36170407
34335702
29390109
28365737
29514179
28057677
35731777
30845234
27754599
36194003
30782113
34535795
29985981
26409191
32766217
36249490
32780871
29688254
31347688
29738475
35547842
32219377
34285779
35073270
27760515
29850816
34668074
37015650
35428172
33166775
30824912
30423108
25648531
36304323
34473240
24728856
35657711
25147360
34997044
32391349
30528274
31904815
27153695
30335785
33324401
33606633
35643462
33087810
34904625
30561550
34890327
30334805
30704456
29048461
33257503
29857183
35751187
34074310
34115592
32164528
36116110
30165584
26678408
28993694
30052763
29994096
34001247
30967126
26555444
26048598
28369222
30878356
36198166
30987598
35704010
34718402
26467480
32324542
32476993
27837568
25908791
31311497
30875752
25232314
28344988
35695771
35776068
33731963
31540993
35935827
27153684
32605926
27913617
32437523
31208319
30658851
34492046
28968783
31650686
34524416
32637990
35134830
31071140
28467051
35259102
34553763
32426342
31868369
34870495
33150092
36781263
35639939
32566389
33040418
31624092
32954734
22628524
32067951
31652257
29169277
34586825
29322912
33905492
35032393
29183738
33175831
34600153
34773900
31764991
33676403
29692705
35696463
30726876
35604554
25461763
33360993
33827413
35511852
35368072
30825303
29931238
34110991
35157027
36091622
27479078
27153986
34529669
29897235
36780239
33112385
25780763
33331887
33752591
26825632
28968390
30032270
29566638
33087062
35731209
34037712
33381821
35906703
34788784
32134470
30586607
29949963
27485443
35178874
33162997
34076241
33515239
33381132
34864909
25953282
33355528
23233656
35245193
34522291
33026066
27490490
33367853
35863177
29548336
33325499
30052774
32687862
33763518
36070839
36258137
32735319
27480660
31888660
36402838
35273421
33819017
34983060
33320808
35838124
29770530
35493464
29967758
33793578
36315551
33244594
34390575
35595234
28403906
28424704
32559380
34888618
33481708
36699414
28066818
36111857
30821315
36514317
30395579
32717036
34043981
33519912
32138660
27587693
36205601
33479757
32790776
32372386
28402416
33824954
37015438
35192467
33325491
36308461
31714219
32666466
33791774
35873651
35266510
29040602
31315562
31076776
33964128
33978713
34875015
34433415
34786731
36084008
35168170
26606115
31893286
29931280
30114359
31222198
35976846
35622787
34132422
35188574
30372442
30418485
33571675
28934481
31899427
29608554
32787954
37015431
34762584
35731214
30944779
30993319
31403410
32756942
29971313
30583719
28868521
35722206
25330359
28158427
35188891
31228267
31061989
32207529
29385130
33165517
28319112
35866686
36129857
32815536
27486386
29850774
31605131
31830259
32108858
31436405
26710886
29940836
28533988
33693580
27283950
32840564
31735706
27887642
28961776
35850574
32012148
26357045
32917036
34554215
27071656
32657379
33196784
35561159
31653226
35994925
32954413
37015622
35872022
35760886
27153679
32437684
35140223
34488013
34167459
31418773
34185653
34390574
33888761
26589276
35601960
34246788
31386904
34260697
36270100
36063052
27084946
33609920
34692239
33571088
34177125
35998893
26504142
32093759
33101323
29608746
29069293
31469855
32346568
34327990
29688379
31613886
36057184
28637275
30295703
33141147
36656619
34559406
35789376
34376217
35382730
29594496
30210790
30824707
32449749
33481705
34085037
29949993
34686696
30998483
32315385
34488031
34112240
34021743
33870722
21911333
29659695
29284540
29069282
29931190
35417356
29299051
35666184
25661542
33052335
34079825
32232425
25942687
31235637
33332530
30838394
34414035
35576409
26543173
23816174
33930742
29515871
24567544
32682392
31860654
31502974
25079944
27930330
31918654
34559666
25410596
34878104
28053114
29028963
36005887
35157576
33290212
31096428
32500289
31608923
32943081
34156475
28961756
27587663
28633423
34152405
31363407
31950974
33772054
27756721
30930939
33584814
29186323
33216122
36351997
33901288
30482154
35846129
35143615
33728038
28158328
34416914
28299178
31116370
35020807
31943015
33367491
33051672
35157022
30083448
30414728
32471392
33423051
36580822
30649188
33774657
27096930
31913448
30453955
35491388
24890372
32415966
34377961
33407069
34741894
28881981
30629122
32966552
31523522
31038697
33465079
34596539
30216669
32525553
30022098
31243426
34949983
33027508
33068261
35777192
35044202
35705679
30799505
34379594
32129824
29718142
27436562
31198622
32648364
24974206
33711013
26286716
34252949
30821321
32059004
27153633
33951725
26527850
33070196
32748239
28472320
28198670
36123626
36063522
34705638
34252930
25650807
34493206
28646874
34872590
27308864
35108376
28185565
32925586
27337644
32055708
30042776
28077568
35050855
34871374
25887585
31470794
36253792
28073760
34347784
29474523
33821166
36155435
33822891
24715980
35416378
34627139
35244144
32565223
33657806
26801958
30514392
32850687
31519212
34999761
31373614
28061749
32163221
37192934
34704748
35561196
29850783
33367496
32167522
29280158
28961744
34606606
31649730
34586380
35771651
33175836
32729900
27246923
35417349
33094318
34081579
25681254
30341957
32657399
29408954
34642333
35015377
32154832
33929956
33039787
34562304
33693476
34553750
31845988
28158331
33964127
31796389
29399241
26589275
34016050
33315565
32011127
24371154
30102598
34959123
32003784
32167521
30202930
27161244
33892799
23239673
28049409
29492726
29348552
32810217
35832611
34262601
32573702
30609936
28158668
32145009
33978744
35604083
33714842
36053200
35579370
29267851
29949964
26565759
36510332
34406368
35533184
32393170
32559287
31996134
30145436
32476995
34423306
31498385
36322519
32683449
34122893
26628585
36324513
29061343
33717033
36699390
34196689
34043511
30873528
35647616
32025654
34544141
34252948
33774671
34725754
33691770
31880565
33236023
31070725
22880129
29992408
35532087
33208538
34890150
28503747
36569614
29319471
32976573
31247539
34953431
32188846
27522083
29950019
30657869
31984368
31689199
22017798
36130056
29474601
31606584
31076573
32031934
34611252
30705752
30004883
30903692
33575618
22954632
31985775
34962861
30202885
35951563
29554207
32683454
33732074
33504622
27842059
29353941
30649189
34973607
34601559
33222222
32670002
32447262
33156775
26042145
36472426
29186362
33742661
33963826
32750860
32678900
32706647
35533190
28334338
35065593
34149820
35785020
31956905
30169736
23936070
32657359
33754707
24363381
34844559
34028547
28982288
30535380
28177067
35938023
30831356
31199464
33676405
36156149
29994297
32508484
36339306
36149842
33887487
27122020
30102349
35369875
28289731
34529577
32321157
31329243
34734986
31612127
33584016
26933452
32003788
26428912
33737026
36070305
36029242
36700089
33585871
33538820
36785731
33072049
26948674
24027418
34406954
30624692
32986553
29695703
27437175
33815430
34375295
34130628
35443610
30083449
33879195
36386613
35758786
28892169
26500705
36951805
30558539
33058322
33498458
36051650
27706202
25792554
35771780
31473443
33329686
35758802
33346800
25107872
32790850
35947564
30103816
31985434
36999088
35152294
33513136
34871738
32766455
34729801
35877807
29992253
35698617
30481259
33658568
33228531
35503723
30859178
33581335
29876376
33532837
35996678
35239481
33914683
35521557
25350584
34729555
36246655
32905831
27646141
29912272
35364269
32750881
27153683
30535139
30040643
30590442
35640978
33762588
31504166
35586112
31734873
36164596
30541050
30621790
29790907
34847021
32167530
34461978
35758822
34849594
33446828
36413905
35731760
28261542
31053765
34039412
36279284
32780800
36063562
28003266
33821954
31598631
28659176
34252921
31380062
31621830
35016262
30298220
33398265
27608726
34172000
28217081
31347164
32592465
33714997
28453680
24123672
34589187
28052926
33381839
33999185
35561194
36063528
33367748
36713287
35536589
35430558
37015515
29155928
35758819
34666191
34003755
31433799
35997557
35771625
29220455
33710902
32407457
35561207
34113801
29590294
29178968
32312293
27821060
32252628
35997564
31917388
33959420
34125879
30352611
32154833
33822889
34924896
29907088
35776722
30859188
28391044
30298252
33571091
35685437
34726834
30660788
33175688
30689725
32579187
32960939
27402905
35252351
31276469
33106872
31368484
28065901
30504870
34863063
36998700
33556008
27153637
36086549
34991450
29363426
34332347
30873531
34321962
34517538
32657387
28334396
30523308
33968376
35601486
22994508
35514186
32805275
36171552
25786235
30923373
28143596
29890948
28977646
36699950
30767760
31758002
34788797
35785626
29494588
30865266
24034598
33431016
35003914
28087515
33305308
35700254
28938003
29745832
35042156
35226470
31971583
34469515
31542711
28541403
31950989
26552596
31562766
36315072
34033532
35225328
33914680
33831109
32388464
25336502
27749838
33048765
35525069
33644298
30295698
32805274
34166365
34054849
36369993
26537225
32463818
32805010
33194387
35820013
36355866
34236968
33278605
25690896
33051656
31131017
32298413
34214175
29036382
33301100
29749232
36171568
31800008
36303785
35179572
24627804
31870409
30851108
34586477
25947063
29912280
34723158
35702380
35639941
34601583
30851093
30010791
29992288
27822531
28062517
30977781
33109753
33197863
28628618
30821128
33755446
27499741
31886476
35639499
27863955
33769479
29529991
34661102
31173605
34329382
32981939
36154868
27329863
33244588
31830326
35441678
33272320
34301987
25028724
29873705
32420339
31882996
35758796
35870880
30689726
35608807
31510646
27302131
26209801
36076312
31681437
33317272
32866093
31023239
33515750
30779739
34755284
31176619
32765839
30735498
34849210
29048594
31021793
33904572
33067876
35428185
29718113
29033976
32641141
24794932
29211828
31670774
36086352
35034452
26272984
23267174
30102335
33303972
36577938
30304492
28968736
27187203
29065872
34499148
34111183
35339665
34734974
34553938
23324024
26072476
32502238
31502970
31838499
30359297
36062138
33974009
36441131
37036103
31711930
33035155
32793805
35134826
24177719
34623423
32324731
28655145
34162922
36073898
35672784
31070721
35797580
36350865
30511867
29659989
30504886
33355665
36384457
27990269
28122950
34086847
33400902
35485740
26615212
27318202
28334101
28073353
29949991
34348892
36172575
35439142
30388122
34358300
35085334
34864887
34813472
28882005
25252881
27296979
27603265
31778140
34838134
34661428
34193510
33757425
32463100
31510706
35419032
35532115
35703937
30388204
34050488
35932551
22576174
34305257
35255825
36561335
31861972
35426900
30213719
35978551
24647222
32374816
30541069
33328721
31081512
31802092
29028891
34664638
31372654
34999749
28472340
34469548
29982387
23735186
28968634
33252645
31764967
34459713
31120490
30708257
35465060
36434954
30871459
36304338
35134816
33252655
34478493
30793050
33720834
34748513
30813377
33101613
35948990
23661694
35974742
28605502
35148034
33608040
29267848
29506148
36303787
33539303
34736226
33872313
28761119
30020551
35177662
32976925
32657404
33872961
33538792
33483722
32893299
36130053
33936522
36271855
35695757
34814627
30668675
27493194
33024924
33834198
32657377
30040631
26283699
30521012
30825718
35860345
30777018
33270557
35152041
32678794
34037686
32763763
29297296
34152091
35370319
34888622
26019724
34930405
33367499
35318170
29718132
32232439
35950840
31857203
33962169
27168602
31400197
36699387
27816675
26969117
34563256
33180737
35037016
27585473
35176146
33052694
34663427
31510650
27230384
31752672
34252926
31463010
30423105
33259294
32069042
29879919
34694378
32454029
33120283
33561404
27930809
30859176
27634948
34464893
24743991
33556195
30953498
31040227
36699418
29171165
25324962
32657381
34383646
34403339
35157031
30904379
31589315
36000759
34923956
27540265
34559177
36775347
27466622
33691009
34217953
35870444
33743088
34037802
27587659
35080628
34187495
29728244
31318408
36028931
33103164
31760932
34880997
27587679
31134271
36699347
26417198
30677030
31216899
20798169
25352552
31930381
32871010
22370965
32117635
27329130
34015083
27153662
34498061
32413036
27667790
33741524
35751651
29069317
33187537
23688306
31029609
35724288
29642836
35674358
32657357
27153593
35721011
34402636
32101279
33972512
35589837
35451457
32657375
36066416
32667925
36587439
29931046
29544535
28053671
32657395
35080622
33481715
35782269
29028899
32976094
36040945
33749263
36418356
35460019
35601495
30601940
33765909
34416858
34757906
33962556
34266275
26635739
27153731
30281439
31418766
29281001
35779445
34213523
33332278
28582565
33257714
36162233
34788802
32931549
34521442
28961926
30716034
35856034
28077564
31070704
32165660
29620867
32931076
28961906
29342229
28369246
31328031
31529040
28407033
32176694
33679900
34086565
35803985
33529184
36070252
31511299
35298593
26409790
34976028
34050728
34550879
31930382
29498071
36267125
36351980
34037690
34617031
33980147
33432275
28873405
32082406
31749833
31142576
35997568
35561180
33848326
36094101
27307643
31513641
33331158
36040936
31359031
34643507
25757547
34473226
26790568
29537391
35157036
31621841
34379589
32248123
35331184
33707596
35022670
29028894
28968831
33209251
31683036
34288873
34177934
31504195
34348186
26500767
32697845
27659774
33212495
32866094
30203001
34449359
34995394
33048771
34270693
33631429
34252961
31689213
36532615
35781319
32938392
29931128
32976099
35945157
34249603
35657588
36530386
28641267
28552554
34320625
35622788
32418310
32976109
36700085
29106469
31647522
34607562
31521605
35975958
26708336
31881818
32620816
31034408
31702762
27613390
26515826
23335939
28379466
34141199
31192356
35798684
33471074
29722807
31929520
33141667
36063453
31250907
33834202
27781170
34146471
35549218
28703583
33205815
28369339
34374039
33705524
31116375
34951841
28341652
35571559
29949956
33253159
27876163
29340599
28171609
35863018
29939227
35982784
33704387
31283472
34850813
22957556
33331865
35775902
33126862
32065619
31742318
32719840
33597558
30825306
23220575
35402757
33720331
33170782
33179040
35607621
36137539
32828447
33381835
33249453
28525531
33575629
33020189
33381819
30649199
36091975
23437047
31381222
31893215
35135612
29077847
33398274
34718417
29028260
34562726
35592264
30993040
32946833
33297943
34237137
30068933
25161245
31400194
30819107
35561182
36116298
28651329
29846492
33048117
30552534
36699348
31860070
34213526
35193498
31755899
32805016
25637556
33469602
31283184
31070726
30086412
31539018
33360986
34582347
27467908
33709154
36395126
35344484
36443470
32791200
34723802
29994408
29272348
29986074
32413030
35274110
35297104
29309527
33538292
33845760
28646399
36451223
32167532
33438731
31510644
29392396
35859930
32458976
34951622
34951628
31960040
34928392
33373297
35758812
31081037
32105326
35371212
32169585
33181405
25428347
27153610
31439014
31750879
34310294
34415016
27068484
23825371
35561172
32886099
32418354
31790389
30806166
32657394
33760730
35894632
31325710
33515241
27559159
33135014
30571634
34784283
28453670
31881842
24677618
29659721
36106996
34606773
25957950
25161244
23734675
33509084
34606464
33503255
30938757
31626284
33618440
33624743
35463378
29036374
30547404
35485743
35758790
35425661
34252628
35193506
26086579
33635857
33575647
33136153
30445568
36700094
36441754
30652568
36179087
32931579
36284264
23734743
26787661
31147676
30768166
33674364
31116384
34055490
35771595
36570910
34530727
29237040
34745458
34915158
34232474
33909561
36544479
35038984
31510699
26019997
33416828
36578091
32058559
36303771
29261730
29949992
34038408
34547212
28769780
31197308
33226062
32589837
29300845
32780798
31819265
34515755
33232224
33760739
32703160
30698637
35998922
26319221
29232861
34804153
32477691
33904576
32471342
31886666
30768159
33098410
34637113
36700113
27888230
31292179
35495446
32180792
33243992
35043189
34107894
35695374
35178872
35302164
34261540
32396098
28881982
33126261
32634595
24002108
35759600
32814953
29558135
33727685
27634377
28962576
35664289
34864884
35678521
29228191
34923250
36108142
28961949
35143999
35674360
30343671
30010716
30114367
32164527
34320315
27227352
33010156
28453679
30977807
36441899
30197842
21635747
33903689
32084564
35841810
36273087
29141608
31591575
29360933
29490015
29950018
28205676
32001327
31467326
32269765
32399564
34142828
28003256
33856985
30953496
33051648
34270699
34971366
35913976
31593235
34323937
34289030
23904992
29608638
36357404
36338082
35940162
35199152
30352003
26639619
32649284
25344498
30337798
34891950
29990367
31164077
30334810
31070718
28440302
33335808
29590339
32845835
33461213
35297061
26130574
35143604
32657382
34718410
32657403
33459763
33258917
29272325
28174903
35179571
34461375
31022451
30851102
34496768
33983386
30019526
28882003
29268790
30961611
36037049
34271531
28968799
37099385
31809021
34034645
35576425
34971532
33607296
31805043
32664994
31627739
35652719
29950010
29722808
33973999
35157577
36100346
25435543
28968635
34775280
34310328
32645012
31014229
31636457
27625391
31510673
31510707
30420522
28780378
35784219
27503052
30596640
33367863
29036627
35606050
35901464
32246826
35771653
26315906
25161223
31913438
35724564
30773592
36481761
35918564
35753105
30250057
30561549
36168719
32657386
35642935
28318110
31199455
29242838
35511112
33944895
36086294
34818196
36179077
28860070
33830919
29931276
34018927
31661016
35482518
31467462
35749381
32714656
29344887
31904964
29897414
34757703
34726691
27009209
31885041
36111859
31885044
33381820
36641940
31510669
29967471
29228172
29186545
32910823
31778148
33523116
32311033
35446776
37205013
32315402
32849789
31830252
33395989
34260689
29069412
32657370
36268536
30107434
34478497
35380605
32585598
28320326
35468810
29515094
32207518
34125670
25884504
36518944
33173536
27162186
30281486
30519990
29239170
36435056
32287029
36608843
34251814
31004473
30728425
36699372
32397982
34009965
36699410
26062548
28776912
28419223
31228723
33381817
36473292
30807909
36462373
34752385
30955233
32755578
36699381
27455061
34570193
34449391
33390943
35696651
33822890
33003206
26854601
32734156
26755626
32091993
35879674
31310719
32401701
33296311
34763725
29259323
30096157
36124796
33229441
26406767
26496198
35303886
36068974
34788798
36700103
29993787
32964234
31042285
33602117
31593244
35567771
27318207
34694605
35561189
26961692
30329029
27587670
35595245
36507898
26574266
34499104
29735690
29096012
33367504
36699360
36260602
30106898
30353964
28961782
33726666
31167639
35561170
29490018
26549421
33051749
34820191
36469547
32435866
29351600
34864867
36374886
36587187
27634869
36531925
32886787
28968741
33398153
29462243
31352338
34389299
31904817
34042740
30137307
25514851
32232442
34252927
32276087
32012014
35258375
33245108
35929808
32024462
30184057
35758807
33511407
31143202
36246864
30166636
31218493
36124789
32377445
30304373
25371478
27994031
33439845
28402393
34429855
30254530
26140054
36174933
30986246
26395771
29330416
28379292
33258919
29949972
30526492
31479254
36937551
35358200
30474983
34623394
31359834
32142417
29949994
36264141
36171799
24828207
30836965
31584605
35439943
30898144
28743252
28232198
34341836
31797632
34402866
36174880
35543462
28472345
35363610
32126064
33961570
33283198
34726732
30462173
32831124
29912287
25873626
35767492
35365069
34623383
32581646
33584804
29764363
31909830
32844204
23365411
31603772
34754797
36481608
35731778
31684876
26280328
32523327
35412982
29673311
29136098
35298589
34856391
33306798
31666010
33081832
33630066
35259119
31286860
33185666
36355409
34978565
28169395
27041219
31161213
34323948
23944269
26855363
34252964
34021745
35876860
36282843
34529752
34396096
36269177
35164688
34982704
32365016
30649201
31723226
28968872
30796811
26475308
27378302
28095193
24011402
30624608
35749336
29931043
33237876
29087447
36124790
27797775
35669346
31510657
36094339
25338721
33842537
34739376
30052768
31510659
26826718
31351230
26536860
28383679
30830320
34812368
30785030
36257278
26787667
37081923
35695777
34636843
35751599
34729497
34524415
31510693
30140608
36402891
31437913
28003259
34864895
32386152
27466624
35155486
30132445
36107890
31362508
32941419
27153686
28185580
31375105
34126874
36040944
29618504
34565412
34096704
34606462
34664614
25926346
36579658
32492127
36700106
33856998
35350759
34469296
33894380
30904554
35561171
28486927
33772575
31665245
31116569
30337678
27153730
36055051
26687719
35134857
30418906
34315441
22628519
29868763
33646945
33097499
35253835
35616228
36342887
35134132
29726899
35673010
34118871
31677971
37015699
29994594
27587675
30101303
29780309
34101852
29534152
29361077
31860065
27434661
28066488
36415480
29900575
36300680
34995810
24845653
28025201
33978706
30239601
35579340
28825821
32062421
36306307
31930386
35372830
30445488
32022854
31278548
36644891
31501853
29179672
33973998
35258562
33978747
23471301
32637981
31510697
34515266
32070491
36327193
32786686
27867380
34260700
35854736
34930908
29954342
23272111
32467970
33381844
35852318
35804290
35902093
27336171
31510640
35604967
29025915
30535258
32805020
32619001
30796830
35417367
28968667
29304222
35857792
29949979
29092049
25725496
29949967
33517357
29949954
29346514
34301175
34029187
31848038
34449363
25617415
32524530
31035919
32917275
33932979
32049317
27307617
33647976
33979731
30544729
34673567
27153669
36120082
25328913
30596645
32171249
32750868
32365167
32411695
35301752
33889437
30815667
28130227
36257134
31797610
33367588
28407042
28881971
36503892
32573679
36574399
34252940
36228364
34570769
27153699
33680433
29617936
31723420
33624750
34179848
32593761
31350555
28249758
29186351
34246070
24879305
32653917
27460926
32523325
30598083
32170927
29036291
29028984
33981311
33465025
29949984
34152577
33471816
24314033
26743507
30417778
29365182
36444655
26519503
27708645
31832011
30832570
30736849
33826511
32572768
34178436
36495601
34062051
30084957
30851155
34749664
26732662
29579309
37015489
33096422
26581413
24658388
28493862
32392062
31870280
26647377
32341900
27663500
24728855
36777398
32982130
26684930
29390830
28608704
29036467
32210056
32991679
27334472
34289014
36893708
26708334
29699476
36040148
32062701
33329623
33468706
36700105
31584621
34798406
25081493
30766666
36194712
35561165
28666314
26556385
31870282
31991307
35579343
29659724
33338017
31904823
33471069
26542525
34604032
31776723
34311421
28484631
33155465
34122513
24932000
34153026
25143289
35272051
30824917
34139164
30253552
31592524
27542845
34459867
35500083
36213564
34270423
29949998
35595534
26597515
34278794
34764604
33739367
30447095
33960644
33051674
33152602
29444237
35624127
30875427
32750893
33237866
36459604
35192350
28646877
31623266
35038079
32946974
34846893
30165481
33253538
34165492
25888443
26922376
33121431
32926128
33416868
29044550
23469199
35674341
28646174
25703262
35767479
35752114
34594463
36251702
36264744
29990238
33704372
33037212
32707038
31510675
34978563
34999757
33258948
29337990
30924874
33135043
34972525
36420834
35179562
29028261
33079938
36206844
32256503
32445109
36112576
34433999
36217239
29028881
25123904
27918579
29649301
24493035
29718100
31616589
32601612
34145888
34289034
31359036
34298085
28767689
31510671
26936354
33206961
33205830
27424268
35881602
29696245
33481716
35486564
27605107
33206601
30799618
35484572
35905070
25540185
31406990
25322835
33305310
33173801
32489399
32857502
36213104
36451086
28481086
34714742
34478704
29860504
27131372
35077539
35134110
33129253
33270873
34895295
33347570
36193118
34745231
32246821
35500458
35748697
27587685
35172576
31609429
30824905
34661630
32571209
28066774
33964886
35982106
33367627
30184049
34406360
30590489
35621307
29087435
34391391
28637183
35299085
34428133
27609510
32847502
35996754
36102800
30873538
32508888
33751043
33104503
34643232
31071029
32746146
30220114
26576652
33677548
33452424
34061755
26076425
35121468
34232898
29931249
31245783
32633319
35430846
30715210
34125906
34893794
30321304
33017003
29474638
31116772
33822884
35183129
29949997
30689768
23508994
31392323
31729446
35257868
33769711
32853153
32176769
32164557
35280976
31598632
27548645
31373611
26996738
32745209
32938358
32591545
28475694
32516365
35020790
36124797
35926335
34020537
35020805
35939482
35167450
34767506
35436292
35794110
34986802
31282937
29126180
28968690
34971364
30759232
33607293
33381833
30252026
33121426
26471719
34354925
32231869
25281234
24976859
31890138
34515762
36691163
36284225
28224054
34003749
31403441
32726399
30892201
35339096
35442894
33309562
35514205
30481258
36451115
30899036
26794317
26873929
35440982
28621925
35081992
31665135
29868827
34800787
29955821
28454900
34235898
27307618
36264732
35927789
34864893
32243433
31449021
35664237
34020549
35692094
28173098
25504847
29462238
30974241
34343090
36324794
32393482
26227145
35275820
26158448
27170037
30657870
31397844
36037090
35794416
30114381
35389867
34915921
32348463
32011695
29961853
32849762
24068035
30486787
36373132
32374785
26250111
32657392
36264128
34213528
30999859
32750945
33537683
33459761
35705903
33503314
34791010
33341869
36565485
28040696
34138709
33216147
36699383
33855366
28605406
32377001
35817295
29994619
32972662
33399818
25948716
32531204
36780251
31510661
30535005
36331280
33226063
32825850
36377755
32477660
31847870
32324859
31683145
33302872
27578804
28403240
35133138
32861160
25414349
34734182
32011279
27153000
33538766
35108357
33866253
35578654
33909566
35690478
29713952
30124998
27634291
28936668
30215679
29186450
33442053
35253843
33346830
36018878
36445996
31063394
31778142
31838506
33765921
35781048
25583564
33517897
32556912
34795698
29545529
33815689
34044763
33342071
28575251
34582345
32777813
27277014
29684099
31339632
35561177
31821406
30689722
29444236
31688914
35461016
29737047
25910694
33404053
31792509
32692749
32281797
33767343
30445993
34954796
33203364
34060239
34791058
30423098
33229011
20421198
23172860
35657830
29387142
29363425
33623728
31751352
34390577
28379299
36700093
35669063
36274238
32282793
34009302
32333624
33335686
34636854
32154837
28633391
34227195
29301006
26434730
32106105
31220226
33576802
31198637
34106846
34490909
33761980
36133824
35731990
35182749
35189942
33882712
35687626
30423090
36819073
31424527
35776818
33501282
35258565
32176273
33175953
36225530
32131723
31971575
36206610
34788994
35482486
33028213
27354691
36536772
25788326
34224348
31790146
35856889
33306467
33828580
29415263
24950811
27130170
33341496
33954576
34029192
28961721
33969520
28334360
30169551
36212319
35758797
27661996
31125056
31289833
34030625
33594415
35943614
31874628
32415963
32123556
33104194
36282863
33051644
30535020
31332428
32073732
28633441
34631789
36229835
34791012
27079541
32038539
33724355
34619757
25626454
37077883
29106441
34336936
33147616
29722882
34599094
25066046
34038362
35640981
31369634
35920769
33981483
27307620
34092401
33416850
27153571
30371734
35583271
32805025
35196225
35595247
30740491
33588539
26231182
25837600
35157023
26641660
29528371
32805018
29993756
25505086
25505087
33179041
28741222
28961789
32363341
29444235
36313263
31249421
36433795
36303791
34849593
29432533
32781377
31508216
35561206
31510667
33240070
33381832
33538038
35524684
34870186
33206611
34168993
30873536
30999844
32312232
34587009
29325057
32034905
34034781
24931990
29590303
31904816
31523128
27497440
32986549
33850647
35157600
34362386
34431216
33932523
33826519
33999331
35997560
35134862
29955804
34471496
27153603
27179027
26229287
35667327
30624635
35754941
31883441
36217370
33755565
31999322
28437440
33063084
29931189
34648430
33677492
29617950
33647482
33201808
33355662
31430550
31510674
28158333
35788455
33837381
31504161
34618673
36481459
27896993
29087450
29040432
30845922
33914775
27153579
30423089
31454399
31830260
31691160
35099504
31985437
28535748
29222512
29246107
30440487
26026169
27851981
34334826
31083649
31095856
31510701
32074390
34935889
30976545
30931473
29558968
36700099
33471061
33196774
35380614
33471075
31931182
28062442
34412594
32993491
24885165
33241320
35300047
29986050
31477162
21296748
26515821
34252932
35199151
32449759
34559661
31180840
34273980
31521110
33769437
26500154
29931233
24657354
35758776
24703969
35974061
31693086
36456532
30649351
29868859
34197087
32186700
35976109
29801433
31510676
32353123
33416831
34791031
30915052
36081637
33381825
35929780
30508066
24830957
32058946
35759870
35157021
31099383
30649181
36374896
30840059
28169538
30408727
32653900
35640365
29563867
35235506
28747380
30631966
34981404
34601580
33214619
30154821
33904142
30973914
34687347
34880291
33851200
31757199
24976580
30928639
34500471
31410451
30497368
30165689
31070716
36158636
34105943
32763848
27498275
37015641
31009452
31510682
23705851
30169824
36378792
36172503
33620460
35814290
29868758
27222536
34930110
32007626
36147663
31841402
31504185
29949999
31937236
35357559
28108449
32681003
33646949
30423071
32393315
32657415
30785937
31823436
32356787
33650636
34416654
31617571
29949986
33997112
25212755
33735170
35788965
33430999
25343723
35435214
36179089
25004097
34983063
35951750
31491525
33932779
26628587
30052913
35639618
32096821
27354700
31790149
34252969
33446014
35503832
28505286
33035218
30865639
34868242
34192308
32248091
27663494
30391518
31702789
33444437
33517359
34101587
28977511
27373737
32657356
33458452
32186690
31631213
36417733
34273560
25165093
33119059
35832633
36531573
25093067
33690813
34235130
30452960
34671814
28108445
35777367
36321857
36401569
30261018
25884379
29504909
26733453
35157026
30943891
33147209
31228194
34368837
35473941
27547534
32938367
34709836
31167637
33673854
34715775
35536291
32159762
35037023
33371889
29670519
34951625
27153691
26911988
23505295
23620359
33241321
32822302
29547882
26191646
31510685
34550881
34322328
33841068
30626339
33575566
23180795
33136540
30169737
32766810
25407910
36086168
27297497
33584612
35700259
25081207
32663240
36178325
33325494
33961022
35769001
34543136
32269234
31689184
33300028
32330179
32548298
32961254
31830916
32789660
35261742
34310709
31899493
27490238
34553746
28981893
30824903
36115098
35403172
36274526
32086197
31266480
33999207
31364357
27893777
35639705
21501495
36699351
29650016
27623864
32505420
30764760
28966891
28961716
31613890
31363220
30295744
33381306
35858828
30129428
31483995
35285150
35642899
35792838
34970305
30587115
31588505
30401579
27634951
36417727
29752479
34415528
31510656
31977031
32383753
35695848
35604356
34269417
28516777
35312734
28881969
29069314
36271369
35171981
35533170
34647978
29401456
31566657
32983047
34962976
33493111
36219669
35667078
35021202
33755102
31338402
30184069
30953530
33347409
31615393
35213317
30649184
27782801
31634636
34170297
33682875
36112561
34352373
31510704
34623391
35861573
31593222
31544932
28498928
30767762
31999334
36251898
35663412
36346499
27998939
35183875
36304264
34342428
33230549
30993321
32623023
35640971
27076900
34120269
30528447
32432230
29617944
32736515
32734160
36699402
31765387
32550254
35389453
29092015
28369191
31944972
35604077
28119735
36030022
35998480
35895656
27153674
34567063
32761066
32247284
32429868
35038653
28505270
34389500
32761917
34469298
31238097
26568624
36178955
34875008
34849591
27224449
30977806
27964746
32746241
34267211
29409062
36279326
35196229
31412777
28115314
27623844
33035158
33895616
25800735
30475995
33755048
34196686
37015356
32308731
33890614
30606103
35671653
32246825
23068444
34044757
33029071
33481710
30541063
31944107
32094195
36619248
34735342
34086856
33816812
31878664
32369596
31584626
28961686
25754258
30423107
35211671
29608694
33349243
28701181
32657393
28334343
36051852
34035195
35748706
33990598
30798116
30403647
31359027
22556365
30304335
34911013
33994895
32245405
30832740
34488800
29990137
33789579
27829362
25481009
28197091
35561202
30937433
27436563
28430977
33471068
34042937
32980970
30032192
36356389
35226665
29970003
28875524
30701193
29420676
26530722
30128999
33524142
29028905
35281798
34125685
30958870
34473625
34668516
36205615
26643039
32078577
30169747
35845648
31849321
29069308
33711543
31998371
32108859
33752596
28144630
33471750
35358045
34478501
33771218
33085710
31800243
30541431
33479731
34432021
33405244
30801021
35771644
30541436
30400819
35274672
30102689
30343669
35378930
33664343
35533169
30521030
25815161
34864873
32256520
32384242
31310539
28065898
31161195
29547981
34146108
30994891
32706871
31648300
32415957
36124795
36380384
30258279
24130307
35866989
29868820
33535230
33416857
36073911
35349463
25322818
34586377
35258549
31658262
30358816
33170690
31442972
30903185
35904544
33247708
27578422
32657361
35839203
36699362
33611053
34954792
33987016
28968779
34000989
24564732
29036584
31300005
33344093
22689644
36191031
32638008
34596256
34791029
29508292
33325516
28381259
34481183
26740523
34115093
35729491
36346583
30903147
35817303
35561166
29213995
30854550
29432475
26248314
33367525
29028901
30032202
33426151
34473624
35265838
34488734
35947572
32681163
29162056
31878869
26803155
35234904
31729669
34646450
31584610
33426704
23925510
34244702
36700087
35856714
34801821
32195587
28334114
32159761
28671456
33970217
36464123
32563023
34703873
36699344
28170390
35758804
34057903
35176153
36699357
35905732
34048563
34143749
27559158
32494309
34400839
33124660
33367522
35179549
32609371
34324423
32410551
34252972
32602888
34146105
31615395
35709752
35876159
22908216
29538618
31139240
23393584
28701187
33488678
36320862
34732566
27378303
25352981
28453671
30321264
26558535
34351858
34252920
36464731
30295724
35732106
32657390
30439394
29727441
34614189
33587820
34849586
32871006
30505944
28545394
35758770
34493215
32968522
35923321
32666365
35349442
27513885
34508359
33141670
32637988
25982732
32054449
35529251
33787852
27594833
33974000
29045591
31504211
34734373
25344330
34584840
35917572
31504187
36507899
36205617
35246258
31608933
31452104
30698651
32782421
37015437
32721444
32016344
34703489
31510652
25138168
35007277
29377990
33964476
36247573
29554215
33119593
32808039
36091046
34813471
29635317
30971933
33716564
32082281
36215378
28200001
34033538
35869420
35303580
28155631
33497773
33715361
26507705
33080214
31243057
35317230
29141584
33744973
34874998
34132781
34570771
33830216
32717039
28482046
32148427
35998331
27835642
35656596
34627327
35385099
35529153
30925857
34340104
31209695
33258966
36321881
35672665
28008336
31069261
36307977
35080614
36116322
32997257
35380031
33864189
32340964
33416853
31192347
31116364
36304282
33521223
25170024
23748955
36698759
32181478
28152980
29222760
29949976
34672337
35511108
26217733
32878627
27893379
36587217
34668528
33306472
31116383
36150641
35639973
32693795
33824934
33630065
27497439
34806952
34649147
31136078
30615114
29040451
34699365
35157695
33713107
33226067
32532211
28582478
26382197
30753436
34098240
33419390
28152981
26136847
28166716
34000002
26751373
36070128
29554289
34132740
30336361
35035264
35174267
30923811
31626280
35860412
27083558
28130230
29361904
36054653
35360171
34932476
36710930
33280694
24928211
30850647
28582481
32670259
33747051
33119044
28003257
36093336
28137713
30101659
34320178
31116390
35469552
32153642
34788368
36304326
34156956
36053180
27288495
34544908
32737181
30045760
34861616
25399553
28003258
37015523
34709663
35255958
30165507
32562898
35910402
32719375
31117932
29447388
36368499
29535597
33070187
32223995
34724938
27639380
27307649
31347687
32138767
33416867
32726411
34613360
31653223
30407482
35608303
32786688
32903653
30713705
34874302
34255479
30367570
35972375
31504202
36094334
29370750
30903136
24526831
27797780
34498685
35575379
34748152
33180736
34464590
30402352
33957377
33750713
33241296
32657358
32428603
33983367
30255780
34748489
32132732
32626709
33529337
36686986
34845446
36193991
33828122
35727732
36383495
28881962
35801937
28961923
29688321
30932143
29385408
35561161
30086146
29237467
34363070
33024970
33734318
31799737
31454647
28407038
33180488
35758788
34935911
33370236
29590309
36209415
28369201
29263780
34927685
33619465
30016330
34037702
35711912
27153704
35441669
26625158
29244056
26830846
34586393
30239566
31971582
30615054
35290901
27402903
27287006
26921234
27087308
28011773
30849961
32645447
34601581
33909569
28035814
33851145
33823536
28379341
35470070
36325307
34021764
29069295
34636840
37015497
32049324
30850846
30321266
31225582
30830359
35792827
35266528
28099991
29360936
30887029
35060594
27905885
37015383
34460370
31262247
31287816
32579847
32167892
34739369
28968704
28928946
30097014
33577449
33599254
33875676
36002630
31410856
33325481
30530364
30291874
35157584
34525345
36284337
33196775
26163103
34240099
30329015
34346979
31693075
33929322
33459757
30999862
32243542
29486711
29425273
26112291
33979295
35719691
34252954
28104629
31536115
30885720
34609942
35253844
31603766
35295748
31328034
33059238
29898651
35552632
35150236
35134926
35195883
33042959
35069703
27402907
33693548
35771600
31510680
35914041
29194470
35784189
25135245
35176026
33208101
36126402
35912583
34493940
28535296
36102784
32954531
34463709
25765346
31842729
32730565
32821903
31901507
34723532
31704313
29432517
34048559
29156419
31026578
32497118
30943889
32399565
31500660
33240264
31504165
33970219
34025950
33416851
35972783
34179897
31328780
26382193
36173541
30770850
33356151
33490784
33051680
35751014
31504181
37015413
30459825
29134153
28334241
33244583
33841753
31060502
29426887
31074382
30759217
28968663
33666423
32016382
27013184
32657400
31199463
34891348
33760050
33731020
30239680
24876377
30588288
29361467
31828502
29360956
31287491
35546903
34255836
34117734
33063094
36081197
33178256
35775946
32866092
34718420
35758820
30590415
31762961
35128279
28073756
35002099
29901812
30203003
30477135
36389254
35134881
26285671
36945327
31881831
31189086
28263989
31429549
34607566
33705981
25808134
30532623
29444201
32012003
34172146
33740884
32028885
33129149
35762974
31555316
34541588
35496629
34180954
36699365
28575488
32676097
35713513
36327240
29106455
30689741
35815196
31545363
26545822
33682879
31323239
30481266
33367516
33933913
32292644
31971559
36287062
36531577
35758810
31510668
34455627
33225896
32647895
34634042
33560364
36700109
29888070
30453969
31504154
34580179
30508040
32375693
30423097
31389023
34255819
31841420
28627731
31438843
33830197
34464261
36437603
34245246
31068132
28391205
30304483
32850787
32657398
34874856
34656081
32991665
29533742
34291144
34048352
34383882
36174014
33165571
35834424
35737606
34252945
36124808
26887850
31608516
32657378
34398181
31877126
31258978
26260086
27312410
33381818
25348214
34869373
35487206
32489650
34289024
30865452
35561167
32704450
25062443
35816264
25701572
27302480
29870353
34899838
30458802
27812418
35900371
30726870
35801934
34371319
36697671
27324197
34289025
34929739
33860225
31095292
32186692
29773078
33719418
35383181
30346487
36387085
35139158
29718102
28011779
34383893
25940563
35213804
35524503
34735341
36349595
24602450
31510642
26936254
26545828
34428290
36376761
31170223
34405058
28314828
35960154
33346828
34184738
36192696
26415723
35386279
28158465
25189781
32647888
34320631
33680575
29137603
31222035
27551105
28217262
31864964
30387738
36124794
31535074
32248092
36539387
34892758
33360984
32522662
27634950
36001934
33058460
26437450
30247517
32357172
33325496
31711526
29579198
32657401
34484306
26809025
36458971
30674277
31179172
30923763
32966211
35617184
33325480
31649723
30908262
31056509
30500872
31888474
34849583
30403640
34308361
33724799
34126655
35143610
30462190
35176135
34562172
34252937
36311167
35339845
35381376
33274051
34843456
35580514
35165358
27599550
26267278
25755272
33315064
34567846
36345035
30180801
32436933
35537338
32577712
27354699
34589183
28185578
29719869
34415301
35139152
34864881
33682878
32091572
31438611
35698034
36018233
33315560
33560296
28977405
29352257
34089018
35979445
35561164
33764879
34788800
32109272
36072432
35604968
33334308
36350801
33598099
36326080
27296982
28200078
35157024
33575649
30564458
35900151
30059974
31848574
34090344
33863886
33624746
30634899
30184106
36253435
32817945
32764847
36260596
30540478
31948388
34404349
31388390
32657363
34398217
35561204
29381145
29850798
32540700
32028886
28130233
36438560
30850377
22923455
29949988
29610101
32100706
34689750
34308098
31649523
34995648
34213529
32657385
33544680
30902113
35771606
32245390
34474486
32191703
36472885
28881998
35030991
29878048
29127664
33760022
30535000
32972461
33089979
28282119
31769783
35465223
33351756
28658056
36040941
31781551
29060296
32112578
32170925
28716078
31665271
27614349
32997627
33833899
34138701
29267363
37015594
34909208
32047747
35952419
28031034
29579141
32864883
35020788
30295697
31504194
30363398
31944957
36591535
34647994
36659917
30084920
32884053
29340616
28229020
29267855
29722865
30634957
32223173
30452539
32217487
32399561
31015508
34270414
33223872
30839919
36329619
30395191
29028264
28453674
29066303
35839249
35603231
35362469
34529039
30576403
30380025
33914028
36173306
30131825
36047382
33334313
34330209
35706060
27497552
33532838
35253896
33705334
30682127
27046520
34233619
30483600
34224355
34108470
34081103
34368852
31510643
34103501
31589307
30052170
36713195
28464287
32227194
29481585
34028497
36544472
29713083
32991296
26861819
28407147
31613751
25995231
34613915
30013048
30859177
32432232
35444379
29931246
35295546
36699395
33344813
34550884
27303709
30541062
31180870
36531584
35244140
32213349
35781585
30016412
29878056
35035263
31510660
35389631
33527202
35876845
27153663
30874801
33416862
36699358
31999326
31786183
27721650
36272653
31329240
28348840
33108028
32717041
26929718
33983382
28961771
32734171
34950679
31740819
32119072
31797620
34139636
34077420
33720291
31296971
30761179
34340101
30577836
36741395
35524165
34033540
29562324
31386677
33617647
35525071
34803591
33834181
36608842
34677586
32849454
36276146
33398286
33106076
29850860
35188179
34601567
33600316
33667863
36315078
35846154
33856997
35426898
32003993
28453688
31116378
24727652
30897079
31934499
36155620
31299886
29132292
34655865
35929794
35771782
32462192
36228335
32938362
31913436
35394015
33315094
35799358
34259999
31347689
31141211
35966970
27540269
31202000
34327329
32777815
33591316
33750951
35299717
34889728
34274894
32226607
27884106
29931218
32618995
28113405
36523301
33972018
29701853
36018875
28419507
29770697
34270903
30932845
34412834
34702175
32881696
32892221
28881985
30661584
33323105
31038689
32730589
29718118
34324563
25231498
27153656
28645150
33501233
30816926
32938365
36084156
29726845
32334522
35907779
28890673
34178986
33367555
25664543
24970577
34997142
35015814
36327652
29596640
34176069
32002535
34986226
29994331
33346821
35858496
33090961
24398039
30832730
33050927
34141136
24733292
33135074
36227811
34716354
35640384
22942017
33515235
34858694
30252445
35412981
33879052
27587658
30175326
31077287
32853151
31359028
34868261
35316193
32414326
31350781
32371990
30367582
28815111
35831808
27556805
30296233
36528241
33303016
30184045
30104688
32426808
34139910
35271451
33430919
26093147
33119294
32387314
34549521
33798069
30462171
35094072
34170295
30890159
35809529
31297509
37082512
28066816
27069505
30362006
32023053
35731219
30753947
32039696
27547532
33244585
32183735
29790940
28819548
32915952
25884877
34968624
26227142
35998568
31038685
34013329
33378767
24470571
36250795
31888480
28957495
32767996
34999162
29765358
34954787
33497434
31746978
23875683
35130145
34038123
31797618
30768152
29169342
32995502
29409532
31366358
26099265
33416830
34982677
35480046
35007471
32784135
31178689
35317233
31350559
35108355
34341411
32467966
27766951
34847030
34874987
34131148
35157015
31553186
27153641
36193998
36472574
35030497
34571539
33575604
31056858
33728416
35025744
35391797
33193120
28974030
32866223
31723427
26507285
34375278
33693814
29267850
31551994
33315571
36445993
28961795
33819152
35758616
36264601
35945147
35531070
35385080
34014317
28968788
36205581
36644498
27454666
28969605
27801980
34019074
35346022
29757357
26255989
33755554
32976553
35687114
37015482
28968637
30742040
32687350
34213525
35968138
29069347
28575169
35120119
35992221
33074315
30256887
33393985
26607490
27189539
36521297
30241460
32778056
29529017
29961818
32746108
33792651
30583062
27695476
30837511
30755172
32513098
36124800
34125666
25949785
35652722
31598637
29538614
33999820
28130232
30689714
27153602
32407533
31094692
25686638
31980104
29092948
31229658
33532849
36479434
35849662
28216647
35901003
32166223
35511850
34061735
36315532
31135367
27605105
29949989
34991664
23267176
33927352
35591855
32369561
32642856
31567072
22851531
31560365
35274675
31525911
22569178
35575355
29697369
29634719
32365169
32550561
34252923
28881967
28776963
34688246
33538780
28655158
29799487
26995218
30845191
33381824
35758780
36369450
26072481
36088800
25480375
33279606
36699404
29028931
34260698
33744433
28230851
29115917
36313959
35237706
35402832
32511346
32845284
31134269
28591182
33361004
29179095
34252946
29741583
32305449
35536111
33610654
29917060
34184051
30319385
36650760
33079991
32752727
29905770
32612486
35072174
30649191
34920707
32725163
36000859
26315900
32678849
28076867
28968798
32882151
36331283
32580651
31218353
25913204
33098418
34927666
37015553
30117438
30843817
34623402
29425223
28369171
34778892
34717467
30398548
28850898
32854956
31860059
35349459
33900591
33605414
34137821
29687309
34645386
36303318
33137792
30131898
36328766
32053156
36507171
29922519
35758777
34048541
31850063
34648458
35972352
33600315
32657365
34415321
31443733
32960970
36166566
32657355
32248133
36137534
33822882
34543758
31769509
29511531
31393558
35903104
35188181
30520940
36324073
35952420
28633445
28605037
32165792
34893807
31510645
27153605
30351403
25000497
28881963
32946443
35224501
36346782
35804320
28158639
36208833
31510647
36155475
29672669
27706155
31393560
36544717
26925094
31355053
34276801
30177583
33841507
35368340
26535114
33560976
28828506
30407530
35731348
31961880
35412825
30203022
30517594
33961020
28582480
32840568
32272889
35387307
35662467
29990201
35167639
29790941
31103790
33989156
33926379
30481171
36282847
33428571
35349939
36282824
32736037
35609785
30199639
33990982
33347303
25075287
35323860
31714232
36426767
36520746
22730433
27797755
32097421
31437915
31368486
27531103
31395543
34988437
34457138
35816597
30106731
35188571
33549725
34284119
33758852
30864657
27153648
33651801
33798086
32573652
29194466
35964322
32251507
36179379
35119294
33974010
29881445
32349659
28968408
32869348
28215525
34677573
34375281
27522085
31708940
36031182
35610583
34527215
35293310
30259699
33381847
30220905
36699393
33141669
29194476
23799126
29501620
35022654
35136924
28100700
30530098
36102786
28637232
29028896
29040374
33304452
33552144
30276376
34197329
31541145
33408321
27559157
34377977
35020783
33459766
32338139
35484318
32709217
33232248
33012121
32886613
28214437
28351406
29562347
30423068
36531225
34006333
34788279
37015653
32744423
30462350
32241303
33471076
25285208
28317230
27840675
35915051
33240618
35134120
33100014
28918707
35608290
30649252
33738486
35114444
30692623
34138708
31073612
35077359
35734767
36168700
29444233
31830908
30219103
25788625
31089211
29372115
33412539
31159722
29365095
31829591
34791194
36852763
32293719
36426246
35441674
26872269
34788792
33790952
35235508
29084508
30247770
34158507
35951761
35021987
28961802
29228186
22962343
30219850
34900230
34923927
36112560
33180303
23821651
28541490
30993337
29028982
35191361
29939199
26261223
34587092
25884654
27587656
29036558
34734969
35438146
36704711
31818249
30321303
34430072
29504903
28785313
30423094
34506278
36459607
32154410
36304334
34990643
27318204
30307540
32501254
32439386
34020551
35211363
36209556
29730207
34904638
29076105
30407485
36474140
30944197
29122012
34146104
30332415
27378304
29422030
28575161
36255264
29907888
36242933
30285630
35428171
34978570
36405344
24470576
32085724
35133949
29678694
31510658
30188119
35221678
32737505
35787295
31029251
29961836
32777821
30423083
32413059
32416316
33072440
30083483
36698761
36399058
31180898
34998362
30598087
24790156
35901457
34977350
29365341
36521357
34805991
31626286
33737718
26644417
26142186
28407137
29931307
35512391
30165908
27516337
34411712
35133966
26397960
28103917
31828959
29360996
34731471
28083869
28365743
37011258
36042399
35101114
32978617
34287002
34012524
30821816
24907369
30616099
33755557
33381841
33508086
31121034
34244720
34252955
26835189
34616426
35180094
34469510
32369552
36699355
31950997
32390334
36333579
31651034
32941141
31867045
31432076
32657409
35388017
32232438
35751586
25558360
36446012
31167634
30598066
31636105
28686798
30759188
30169792
28881999
31425075
29688382
35832615
31183253
29931141
34137604
32112086
30395160
33834190
33641077
30698642
34851838
31180865
32271874
35584075
26958160
35176138
35895654
30657867
32454212
36698967
35037617
32966562
35289352
29186284
32684276
33651690
33193602
32311007
32814975
36700110
34859246
33647518
27166378
35863247
30215605
33999190
32221798
33200776
36316489
33866359
33991092
30962623
36037559
29059177
35051187
32401526
34764616
29939219
28945707
30371393
33821950
37015512
36161327
36155464
35971760
36425985
28172529
29630593
34175939
28881975
27663265
31477013
26558903
36526218
29297307
35576822
28724417
24825614
37015366
29955770
35323892
32406848
34473051
35939461
34755844
32315409
31834359
33045744
34793301
36315552
37128454
35849672
27182951
33430953
29945188
32291732
35314898
35472762
28727806
33856993
33585460
36220110
35086482
35094502
27503221
33175089
34478503
29971090
31871433
36610267
27540268
36070258
27250555
32213253
35083165
27153727
30821320
35753591
29697740
33317631
33325501
29462241
33515237
33622385
32515949
26526427
35020793
30428975
34252957
29850778
35297013
33166286
33509079
24939150
33275647
35753699
33074084
34242166
31723409
36455424
31111152
33657798
35652725
34044854
33681976
34875010
31504190
34471489
36699374
31797607
31639049
30576851
30616476
33120431
36032123
35882682
34792173
35209912
35042333
34890338
33961626
31834373
31971576
30469014
36304308
32186699
34731773
30596893
32657374
33836017
34314354
29228185
36182914
28968763
28158334
32101278
33780873
36193121
35907293
29036461
27153570
35069469
32154830
34734767
32582274
29157118
27307641
36208598
35175937
31141141
33097004
29559002
36054402
34335111
30977648
28171615
26092860
29994639
33217685
34478488
26550772
35876552
35536198
29211823
27330851
30271907
26958216
30425888
35902092
25690798
25543048
32506590
33741075
36063455
31542415
36269904
30668641
31841624
31506264
31593226
32983048
22764160
31842743
32736513
31511901
34358228
34051621
35324441
28651633
26860211
28013191
32926120
33381828
37015582
35561209
34323947
31161215
32657371
34232869
29530498
29718177
24502833
31295546
33660783
30657860
36049552
29425247
29870330
34181541
31095270
35853071
33436511
34603385
33070184
36000837
33956788
34127241
32119082
32879934
29280991
36699369
28968761
28629365
36426239
34773871
34998929
33091743
35758814
36103440
27153673
35453146
28804525
33359678
34600480
30903138
33822888
32004313
28541404
31693090
32845281
28103241
31437182
28723903
35085778
36576131
31225858
32697830
33371891
32493406
35748249
34799151
33792639
27797777
34999756
30576415
32168888
34469455
33996289
21595876
34382072
31870278
33953661
32845497
24903420
31380746
28416765
31504163
36505089
35179547
30010784
31099391
28950836
32170933
36367913
31397851
30903685
33978749
31510653
36315533
35501393
34534080
29587646
31492098
28314612
33555347
33662626
29202689
32150540
33643491
32758139
33613485
33488379
35772329
34563123
35035092
33632298
33208097
33523102
35580808
30716040
35274679
26545821
30541067
34460269
25645318
36812810
32795966
26653874
35068632
32614415
33662624
29236975
35832619
32091578
31466530
23516341
31985791
33682877
29293565
34842435
34086858
35451460
29523083
34383644
33714994
34693143
34877370
28195840
31038667
27026381
28574365
32631445
31329826
27542959
32552725
30298069
36158455
28578660
30940197
36176301
31940522
34229612
26363028
35436188
32989722
27713837
36217534
26755625
34216888
28841835
34524960
33226074
36274122
34778549
33693477
27797763
34586352
23849037
32470109
34838100
35641003
32585190
26629978
32676221
31523183
34107042
34464837
28968777
26619908
34793313
37015527
32690956
29891877
31865908
29870340
34955725
36063520
33024441
36482899
31584634
36344580
34791067
30649245
32697802
35845108
32814974
35504967
34891274
27016733
33816974
33892388
35662457
31851308
28100788
33974001
34478499
36699385
33774659
36308467
36455001
27829344
35723568
31660858
32786512
35561185
34495825
26206277
29069296
34551708
34698333
24753423
25970601
35066446
32954666
37015593
32657368
27153722
30860569
33734315
35184734
30380092
36482896
30915105
31821414
32941156
36189325
29912365
36304303
30825539
37171130
30649215
31263873
31386102
35236916
31214684
26971251
35150239
32698896
29048466
27671088
27312413
33414703
33000878
33471071
33532819
27153590
30321308
29888139
26254214
31197316
29584811
29385403
34622551
30664775
34789335
31373345
30860572
34893876
33104709
36880061
31603462
33684532
30741529
35398990
34559638
35494810
32185818
33026062
34037691
34048986
28961917
26868358
27993782
35533298
32083639
27187204
35915508
35561173
30423101
31053060
32176768
33936417
33325479
28505247
32031937
35871688
30649203
27559153
34546288
31751224
32330225
35640977
35994482
26357318
24008420
28977509
33135730
35134858
34559446
33059369
31225863
32845323
35809062
32768046
33830183
36048987
26833342
25717195
36129860
34864882
30475980
33416856
32960204
35460052
32998684
31860024
32730566
31070735
34310290
35856716
35239483
36178456
35645753
33835916
28917725
33638345
25406361
28541468
32986544
34898438
31373608
34133284
24078712
34252975
36699371
34133282
35263264
29888397
28369250
36417730
28220888
32912315
28348870
32324561
31070723
31373609
35536809
24162466
35346298
36699376
32407511
34096994
33752601
33247715
30462169
32898474
32073612
35973091
32730562
28038834
25332377
27189561
30288626
30407493
34463706
29562307
34695175
34601568
33601989
36208225
34717540
33729795
31953266
25938432
30346947
29354379
26500152
31504175
36700114
35947569
35635814
34694372
32444882
26460497
30055230
33337144
30020406
29360927
35177675
34266387
36387767
27806686
36090812
29688282
29021608
30452523
34694386
34529048
34323970
34340106
33963834
29415173
35914950
35945544
31346355
32163111
32407402
27153586
34495830
28873962
30520961
32692809
35645759
28875074
30342520
30165579
35060608
33126836
35222994
36216026
35800095
26870609
28011786
31909794
25372389
32222230
34555725
29522153
28505226
26611766
26249815
24564867
30887042
33381813
34729472
32697844
35452230
24532725
36694721
31972019
30689731
34961779
33208096
29506387
29621297
34252928
35660327
25995229
27354701
28137264
33269341
34013348
34340108
29441122
31609421
32641134
26596874
27663495
31504164
35786550
35612011
35482691
36307757
35927613
30802694
35945138
29077810
29723232
34881010
31856824
31199797
34748542
30184140
26089768
35758821
23320958
35904541
30390627
28325279
30726743
33543757
29592900
25885358
29069312
31147687
33166143
36318048
34991446
32750923
32722772
32362822
26207141
35419192
34990838
32306231
25183856
29993710
35849103
32038709
29146920
35172334
29534151
33492672
35751593
32931989
34146085
24511145
30239591
29659705
31116393
32321568
30089468
27797783
32845847
36436489
33165508
31250908
29036674
31964767
31946144
24319000
33198651
32460307
31059559
31765830
31504180
31510662
32315393
34904248
33432232
32180801
35512388
33786087
33344416
36699392
34252953
35551365
33515242
34122498
29566129
27298258
29329398
33475133
34460810
35904548
31392324
31791235
33313760
34735335
34181640
34355556
26072487
35764934
33983999
35758803
31856704
31841400
27614348
31749839
31616568
30559433
33226061
33589703
30697231
36442274
33329748
34864897
30596898
36124793
30172842
34245012
25881257
36209109
26530723
36000873
34009953
27045228
28166504
28186221
36414245
35403803
31904810
30957837
31801606
26363175
27234029
35758787
32678893
34074304
34550967
33633771
32410977
27515741
32722756
36178997
36311995
31845960
31738777
34790453
34555591
37015509
36383612
35131610
32727359
33970232
30811448
30083482
34760378
32639154
27323842
33454411
33072720
26315907
36073903
34178179
26908349
34280099
36210804
36227031
32679533
31452098
34497978
28541377
31819106
33842844
28096083
35140885
36086594
30953525
34791062
34478500
34195080
28334366
33981332
33252662
35696650
35154266
26072474
29253110
31432070
31070732
34352070
35246677
26227143
34180989
32353146
34664633
35695743
31909781
27663498
34820180
31727128
28695067
36096022
36088285
29961866
35870203
35451453
33646948
33613639
27466627
30589848
33434124
34343887
33508103
24695406
32003785
21529350
33031552
32884664
34499497
35685374
28881995
30535063
26476780
33040146
33575639
33576786
35073331
34694373
31874633
35524557
32835483
30072337
31510677
30561651
34968393
34666677
31860083
34653719
36147670
30808287
34478489
34637379
34864918
33270643
33787873
30715212
35123539
35820811
25971741
28456410
33765281
32746019
33483862
27182962
34657375
36399585
32196115
30935389
31368477
32007105
34252971
26381164
31626666
35751591
33603203
34182928
32096826
31835003
30598099
32425990
34663998
35333723
34122525
33246077
31211016
35688048
31453280
36111865
29688259
33667161
29298299
36584219
35748710
31247294
36123620
36389165
31935100
34713468
28186227
30423088
27330250
35079716
35860413
33704363
34731480
35199150
26001643
30218467
32766814
31009451
28625989
23661685
35482696
32969786
32853330
26323713
28192130
34293115
32621233
33983394
34180970
36326438
32797729
33816830
33381811
33724304
36465095
30649455
28334117
34053092
32484809
35121854
33553134
24484323
23236265
30895306
33733355
34459872
32702106
32657360
33665150
29523077
35924164
32657410
33518826
33729928
30520956
33677485
32399567
34078267
26315901
31794005
35199148
30821318
35604972
32066370
25573919
35758775
35413944
31011185
32998764
32821900
36227812
36085938
25160522
27845669
27663499
33707935
26014038
28193886
26027778
30560923
32339214
34473626
31542001
35866985
29028961
32722755
25123903
31828080
33459339
30096133
31689201
31004474
24931983
30465646
31359040
27267458
35584074
34664624
30561548
35394913
31358385
34672334
34302372
33513017
29228182
33238837
33864455
25701571
28275541
26787189
34021703
35809058
31750902
33571201
33410688
35794045
32070271
29990279
34182919
32277811
31349009
30128137
30351397
33983397
36129964
35966452
29506475
31593229
30863842
34128955
33831055
33763462
31105546
33760063
33627732
31634148
35947571
33284326
29325072
36124841
33051654
33858509
33176026
32096824
36284674
29868832
30835760
31804670
28498950
36161666
34146087
26323715
25367074
33939608
33135051
28525538
36113743
33508309
28345910
32657354
35309679
35305030
28133571
29501921
32703211
32956448
35604081
36601579
35974311
35776809
32750838
33305329
28361665
36249566
32129840
33693556
34984440
27444577
35932043
35758817
30782112
32311021
34874538
33417699
33516169
28334822
29684008
35482479
35801909
35731204
28622336
34879076
31824573
33575563
29036536
28879061
29106443
35561201
32289146
32532224
36179076
31288217
32838738
32182365
34152393
33848577
35157018
36076174
34651655
33974007
27153581
33085620
31228188
35300320
35191489
33689914
32864481
26464356
34594043
29713081
35820011
31457399
31504977
27993789
35758805
35700251
29342247
34181534
32871105
25273112
31917401
36587568
33381831
34608613
30705124
30169561
28002428
34249598
34798407
36409808
30241466
25953801
27659452
33604806
25135945
29194472
31611898
28073755
34232887
29868708
28029628
35730989
35605749
36573842
31917259
29608663
35294448
30762538
32324563
29048467
33325498
28379332
35977827
33325493
32854699
32986542
34386268
29874547
34003971
35642895
35678507
32163118
35715874
25161247
32750878
33575580
30010719
32574335
34570171
32866155
33979294
34026747
32493756
26262258
34541583
29435094
28192537
35622805
30582223
23220574
31510655
30535314
32027371
31462970
33018181
29668840
27307611
34904628
30969924
32916289
30016407
31095298
23282094
26342231
28616931
33431010
32142788
29922260
28968802
34220823
35561193
32881682
33729937
30892206
36713026
31800044
31081635
35669345
30020403
30218543
31819264
31613774
34800971
21685051
34126997
34141142
32478790
26093150
35504312
30768156
34610042
34255822
35652780
33997866
32152349
29993815
23922841
32938494
36434497
31375721
31596456
35640369
32466770
30423072
30184435
31888441
32893403
33355667
30253810
35600903
33519109
33444139
26644980
34775976
34957585
26989607
30052755
34503564
29186321
30937435
23471004
25527832
29949975
36271868
27382152
25452688
30909118
28398465
28943403
29950007
36603439
35092277
26905735
31584615
34048902
29870348
26241959
31931870
31971577
28025178
34048546
31566663
30674273
33407112
25721538
28346786
34367079
33325502
36274234
35977383
33070179
32096828
35095495
26026138
35372421
30052778
35862336
30239666
31418770
32167918
34826300
34917703
27415783
33320173
31764961
31135034
22215819
34881568
30594121
29357822
33289524
33251081
33560368
31712594
36205607
30039369
21824426
32311009
34180522
32484876
30689728
34325669
27265049
34310601
35508828
32334526
22752048
32657376
34690959
33634272
33715007
26088622
29949973
36745150
31889184
30186360
33792647
34252936
34045614
36053005
32357166
30471319
29361864
34527187
35853059
27530307
32138643
31250884
34939905
30165425
24348509
29236948
34430337
36523475
31842741
34534268
36561659
33522806
29186559
30874796
33287694
28118365
31238184
26846329
28407035
32007944
36283679
34006095
34096999
35118386
31688915
29186355
34252968
32417716
33503286
24667828
35511515
31300006
27378289
32637989
29726967
35020596
35604082
32946393
30649185
30925859
36279331
26920848
35251953
36349348
28379351
29348708
35977377
31483777
35984287
32422654
34718406
32976572
31873730
29444662
29175288
31782758
34143768
34530155
34056326
30192920
33529200
36309383
36038834
36249560
33051643
33118018
33258177
32657411
32398051
33561250
28402386
32003786
30235130
29753757
35294359
29220446
32996237
33459758
28919931
34017660
33853539
29528376
29253070
35397471
36603365
29036643
35144531
36218463
33904574
34459719
33098413
34240100
31020560
36456283
35546390
34131182
30399165
33821956
33682340
32259207
29228171
30053098
32730595
28379346
35186034
33252656
32149637
36449463
35493723
34178449
36177485
30257640
31649733
36112566
29432602
30423070
33454412
35804300
35439931
29617939
33091296
30573468
30825713
27134723
31841127
33257863
34788793
28057566
33816994
27153600
26656189
28267884
34781160
29155959
32976070
34856923
30352147
27288499
36131326
30114382
32305947
36333324
31377536
29534153
31138328
36073806
29126101
24192544
29390084
27667793
35577300
28881988
35120005
32016319
36112559
33705528
35720715
36368946
35127968
26209429
32203388
22238257
24653694
30169558
29416792
30475984
34302378
35997827
34342226
30250675
34232882
31899481
32840562
30052773
27742697
34020538
26803163
35758773
32750869
36304322
34634587
33616865
35077353
31329110
35188177
35758781
31793982
35964688
28884168
30654827
34890793
35149431
28833538
29554487
33523132
35799367
31451449
28968765
33049044
35356061
33424024
27283948
34747489
25236461
34623738
31095490
33493117
28979763
33583075
35524174
34570707
36445997
32967610
31095290
35997565
31496881
