26568624
34677573
25367074
31934499
34137604
36315072
33275581
34718411
32893860
31956905
33258919
34595403
27267458
33337144
29462238
26538306
32321157
36274655
30247628
35286461
30624651
29994455
31496881
29137603
32657414
34778892
34252922
36327652
28133571
34755844
29297307
34807823
28695067
36173322
32982130
36426767
27503222
30543651
36437603
35485743
34431216
34021151
28968390
35443610
24872423
37015692
34406360
26589275
33430953
26315900
31860156
30395173
33175953
35157022
33252662
35856889
33481821
34580179
32462178
34849593
35755337
26803155
28484631
31197317
36420834
34995648
31830326
33997866
36240040
29432533
32657417
27166378
28961789
31096428
34694333
35532815
31935100
34326402
36576129
32330179
32437519
29370750
36699351
34694372
32634647
35762945
34146085
34252966
32870790
33194387
31961880
29087447
35441674
30552534
23821651
32579213
35339096
33323105
35758775
29949998
34122513
33780248
35188574
34604556
34236980
28475694
31004474
36213564
31886476
30543621
36699414
35758781
33240070
29688366
31101593
36413746
35305581
35866686
28968635
28033703
35862940
34586379
29857031
27153584
32362822
34864918
28961780
31922552
30045760
28103917
35452230
26475107
29876136
32493396
30767760
34968393
28882003
32550254
34184738
31116387
27863955
31510657
32761066
33821166
33961020
31387630
34784274
27576531
36713887
35134926
36225654
36531225
29150814
33575629
35238376
36040944
33385701
35594233
34525345
36479434
33399818
31525911
35870444
28192130
34125685
35716619
33479731
30010790
32986544
30247633
29931276
29785479
33097499
32154837
33755048
31077287
33050927
36700093
30716040
30759197
27605107
29755927
36111857
31390362
22730433
32432230
33252645
33735170
36112559
29746618
34278794
33196774
35583271
30849979
34551431
35396257
32690956
33954576
32725163
35914950
34586825
21994228
33035158
29713952
30923811
35839249
33781324
35413944
33380322
34731480
35143610
31028376
31173605
35400313
35729491
35007471
27663499
28011770
32186700
32951050
26530723
32492127
31351230
32926128
31428793
31342157
35704010
34768228
28152981
35015377
31246951
35172890
28655203
36433795
28968713
33728038
35213322
36118303
34428133
31095490
31653226
33973820
36699387
33979294
36351980
36158455
35896974
33074315
27614349
31510656
29982379
32454212
25075290
36686986
35820811
32117104
30534067
28768481
33511407
30239566
31677971
35398621
37015657
35139202
24586045
36369226
27424268
34785076
29048467
31626286
30462173
35189638
29486711
35037016
30239601
33381837
36174933
35752283
33371889
30376045
30452539
32196115
33270567
28516777
32324561
31653243
36318048
31449021
35561197
29726967
33280694
29994594
30304370
30165584
34132740
33834202
35904541
26628586
35803985
36451115
29481585
30039369
33229011
27998935
32418310
34792173
28105307
28003256
32503412
29284540
35492172
31384918
35389867
30825539
25861969
32422648
35575355
33974008
22962343
35495446
29990137
29126180
35180347
33079938
32489650
36047841
35177778
34608613
34062000
29617731
36332295
26542525
35748710
32257044
31611898
31134279
35358053
30423094
33072050
33613806
35140223
29790754
27444577
36191031
35751591
35194056
28961776
29912282
32094195
30423059
33734315
31504202
35637307
36304274
28776963
29354379
31315562
36262334
34882222
29040406
29171165
34724984
29300846
33826519
32768046
31857203
31258978
25881257
28605460
32756942
27608726
34341766
33471066
31856811
33316035
36532945
33398286
33051643
35576425
32181821
25330359
35482518
32407508
36418356
27716836
31774912
35386103
27153684
31797610
29069282
33816958
35255944
36601579
29608663
29949997
34623391
31462970
36260596
30175326
29961818
35314725
33270838
29579179
28850898
35576001
33595304
34416858
31930398
35436661
33381812
29891877
31259005
30938757
31403410
33305308
35083165
36526218
36124787
35088833
31683145
33571205
28334117
35607649
30741529
31888455
29949967
32703211
34762584
30204848
33259294
30957838
33351754
27570656
34128963
29304222
34198216
32915952
29036597
35604082
21478170
33765921
36378792
36042399
36063562
28225587
34037706
28334101
34544141
33493110
35439142
36650760
33296311
35050854
33278605
23233656
34086856
29122012
31233136
34146471
33963826
33556008
27540268
36544717
26437450
36159887
31287494
29087450
34900230
35301752
33532820
25947063
26905735
25372312
34141142
22569178
23516341
32125359
31874617
31350543
28605449
31693090
30102689
36124801
29608638
32007105
36276146
33909569
32980970
35138128
34600153
28065898
29635317
30674273
33085710
33983999
33926379
36193991
29697369
28505226
31508799
35172334
31584626
34046647
26072504
32687350
32954531
35972375
34560862
33515235
31225582
24845654
31363752
36205615
26568628
29401212
33206611
33882476
33469602
32221798
33667863
28792687
28093408
35876552
34499148
32308928
25887585
33306465
26751373
34009965
27515738
36205601
35900147
31490922
33381820
33346828
30517594
35430846
33836017
27634945
28664733
33789579
33621179
36005887
35192735
35253835
31373609
32142440
35771595
35601486
36565359
29668831
32477660
25414349
30802694
32864214
31971577
30417778
32860050
31971579
31116569
24939150
29028901
33792639
33648554
33508087
25540185
30349041
34048902
35945147
29688254
31977031
34908126
32170925
29884114
29036577
34888352
34596256
29579198
37015443
31842741
34246788
27265049
28716078
32938358
36536772
25661542
36700102
31442972
30535139
29530498
34398192
31323206
34849586
35133966
35487206
34196686
28334241
33956788
36315073
30689784
35834424
34233619
33713851
35561193
35274679
32954413
34220823
34172146
36102786
34559406
35963184
35705679
32004313
34876166
32167522
30785030
36282522
20798169
34185641
26001643
29136098
36307977
31070720
34530155
35086482
25699217
30019526
32778056
35624127
31889137
32399564
34433999
30418481
34930405
28369250
32078577
29928920
34013348
33338017
34320178
30353964
33315104
36163232
33096422
31368484
34362304
32790862
34814323
35367734
34732566
34310290
26846329
32657371
25938432
29360936
30258279
23220574
32109272
33325506
26530722
33027508
35896914
30423085
35641157
31053765
33731020
32436933
28961984
33493821
32997257
33575640
32413059
30895306
33362868
37015527
31278548
36306307
31504187
33575648
35639941
34775976
34101852
34871171
28158392
35316193
32735312
32348450
32003784
35876159
35511112
35445698
35148034
24262214
34870495
28655145
30903147
30341957
30947069
35193498
36315551
27905885
26207141
33367863
30137210
35085870
35737611
36579658
34166198
33253538
27801980
27153730
33926541
22752048
34352070
31985775
30256897
29194466
27547534
26819469
34898438
30423083
31220226
33543757
26715670
30520940
32697802
35832619
32750838
36162336
32387314
30398564
31791235
34178986
33045012
33024970
35982784
34570758
29353941
30813883
36018875
34623738
34323948
34260697
33471071
31504195
36108142
27797780
34792549
30136936
28214437
32960204
28945707
33175831
32705123
34351858
33872961
30486787
30367570
28961802
25884504
34981404
33197863
32341900
32096828
32849454
35451457
34330209
26589274
30977781
26026169
31626666
32744423
32859148
33978749
33734320
33137792
29222512
34804153
33436599
33303972
33822882
32817676
22556367
36688121
36273087
34449363
35561206
34537012
33290212
36251898
32523327
27473172
31842743
31609421
32330225
30060142
35561169
31040227
28334114
28968645
31918677
36539938
29762644
34610042
31542415
32449749
31827430
33787873
33892388
34252937
29722807
34664614
31870280
34983063
36119576
34806017
30477135
35945138
34033534
31454399
36217534
33932523
34021764
30782113
34287002
32612486
29087446
32821906
30689728
37224332
33106872
29590303
33091743
31782758
34342226
34718418
27756721
31742317
34415755
23471301
33903689
29370760
35894930
32396098
36535209
34634042
29643839
29036287
32346552
32822302
33638345
34817058
34864887
33755673
29696245
33074084
25690798
35436194
35356061
31510668
30165373
29989075
29236977
32960939
30940082
30450194
30959271
34735335
36045507
35724288
33344093
32166223
32466770
31004711
34914588
33816974
35380605
30107434
31276469
31034408
34433407
30596640
34856391
34686696
33951725
33471073
31209695
32003791
28917725
29762645
32846127
32865404
31714232
35150235
30010777
29726899
34276775
36875992
26995218
35758780
33519109
25514851
32105316
31311497
36099042
35772329
35136924
30859177
30713705
30698651
29106441
29293920
35751593
35118386
34327329
36785731
25788628
29244056
28968788
25135245
27009209
31539022
33048765
26809025
35314342
33657806
30463553
26286716
25908791
36303318
32568675
24034598
32421831
33555347
35685374
30114367
35834564
33720332
31161195
29949990
31116370
35904569
35188184
32073732
28673016
34601559
32117635
35489207
34893876
34570193
26961692
35612186
35776818
27153731
26076725
32245405
32626709
31437878
36656619
33028213
28637183
33243176
32568678
29621297
35758792
36063052
33381828
28723903
36380384
29898651
28481086
34435773
36158636
34870186
34367472
33434139
35391797
36415480
34478493
36195238
31116378
34825057
35235508
31063394
31712594
32621233
32730595
34607566
30295724
29220446
32539144
35191481
35940162
36133824
34169324
36173541
35179562
34653003
31141141
35073270
30845234
27466622
32791200
33792634
28035032
32466691
35577300
31466530
32579847
34383893
28166504
35723568
30825306
34529752
28621925
28525538
31359027
35771782
33500897
32243090
27515741
27318199
30759217
33978747
35401586
31851308
30726870
36172503
33577449
30089468
35964322
33049044
34661102
27076900
30838394
35095495
29425223
36030022
30129428
29688374
30304335
35901003
35854729
35560079
26007652
31841127
29280158
34381207
29718132
30192918
29474601
30016407
29617963
34096999
32991296
36700109
28472340
21685055
25648531
27998939
33657798
31919596
35255958
36315532
31228194
30295737
32271874
34327990
27153689
30799494
29267363
33179041
34500471
29523083
28334291
30849961
31510669
35419192
33909566
32761082
32797729
33899462
30935389
27614348
34805991
33047835
33241320
31856824
33858509
35506043
30224757
35675257
31825995
35854760
34930116
29387275
36472426
32502143
35154266
30423077
33175688
28407137
34668074
31218353
34394197
29634719
34788797
32657387
28957496
24845653
29361077
25543048
33819146
36173306
33900591
25115706
27466627
29059177
27706213
31180865
33245091
34213536
35508828
27842059
32886787
35533170
32105326
33524824
34125846
32399567
30759188
31510680
34006333
32406848
26873928
27415783
35077539
33607293
35178874
32249316
32749974
35971760
27797783
24281695
26092860
33381846
34495825
32817945
35152280
35947571
32983047
36516557
34726689
31930377
26819474
35640365
34849591
35259105
33538038
35442894
34813471
27797761
31819265
31510646
32082281
35731990
34249598
35602026
33152602
30379882
34736226
25273112
30423070
35363612
31167634
35495139
34934100
36076312
31373611
34599831
29365095
33398265
29608694
29394323
34951622
35604081
30169736
32719375
34252926
31347688
32164557
35792834
27587661
29069299
33660783
33180736
29514176
35066446
35294359
36699360
26678515
33042962
32614445
35157031
34874998
24830957
26464356
35622788
33983367
30496344
36699348
33639834
33895616
29584811
35731760
31266480
25800735
30052774
28974263
28776912
30337340
32002535
33080214
25650807
35748249
35427986
30616099
29293565
34408730
30654827
32552725
34018927
33972018
32093759
35533184
23936070
36694721
35758804
27588423
31555312
33787835
36124800
36130276
35440982
35294970
32069042
28968799
31888441
36056740
23335939
28440302
34170831
36124795
33118816
34790453
27585473
29036291
31510678
31708940
32657409
31542001
33760022
34506278
33840138
26283699
36212319
35245288
35870297
33381818
36120069
35189942
35648784
35383181
25788326
29722865
32369599
33208538
35696651
25948716
25701574
35043144
29790941
32311007
27000291
35511852
28541377
33414703
31841420
30782112
31250908
31510690
30407530
30352611
33714994
32264950
33367584
30334805
33453108
28881975
34788798
30873536
31630012
29917012
30601936
31373347
30561651
32108864
36084602
35022670
35939912
30993321
30733714
36063522
35639705
24715980
27499741
31070723
32657385
29206901
23922841
31309221
33978744
34131182
27357839
34729801
31953266
33533410
35938023
30342520
35362469
34890338
27307638
33503314
33665150
34642333
31841400
35753591
34729497
32339214
31074382
32645447
25399553
30252026
33682879
31202000
31670774
34788379
35176153
25690896
31377536
35924984
26743507
30616476
35482476
36699362
34570171
28566690
28065903
34308098
34841973
31856883
32471342
33017003
24653694
32525207
33381835
27153602
34643507
29061110
31661592
35662467
34004411
35080628
30404611
27990269
33306472
30541063
32766814
31324268
34415327
30944197
32780803
31136078
31359036
30971933
27153662
31504977
35533298
31752016
27307611
28403240
36193118
29577088
34406385
31448616
29868820
34181541
34710043
34941890
34550967
33774677
34252923
34078269
34859246
35856716
34266275
28881969
35318170
32091581
33964476
31161215
31971576
36528241
34636886
30304494
25505086
30407500
33868278
31838499
26382196
28025201
32845284
27749838
32647888
35295546
35861573
31948388
31870409
32053156
29151135
28158427
25481007
33382660
34958566
30225286
33459758
30128999
31805063
28204592
32539087
35601606
33508086
36066416
33119044
30423097
33842537
36116322
36055051
31510652
32748239
30859176
33575985
35978551
29673311
34938979
31796388
31562102
36303731
27663498
35308963
29738475
35468810
22712439
34015083
34653719
34781160
29753757
35561205
30945256
35758788
36179089
28011768
31593222
30362006
35486564
30590471
32633319
34791012
28950321
34193510
34699363
30371734
36562289
35641003
34613915
29371840
33325480
36194003
35331184
30475980
32766810
31437913
29267848
27540270
33693476
35236916
30621790
31060502
31437182
28575169
33211480
33270643
32491986
33156786
26072503
31009451
31504163
36112566
33454412
33329748
32765839
33962556
36377483
35594231
30902113
30689722
36306295
26933452
34325669
36603365
27490238
33703998
32321568
36107890
23071651
35753699
32737505
31758002
29659708
34988437
37036103
32437684
35512388
35962324
32532224
30319385
33275647
34460269
36458971
30332415
35446579
34568823
34642595
31372654
31095290
32609343
33643491
23630176
36386613
36155797
33479757
32814975
36282863
30423089
28608704
35686976
36436356
32704450
35960154
27661996
34000002
33187537
34723802
36112561
29036467
34320315
30165425
32393397
27087308
27893777
35849672
34362312
32763848
33052335
31888454
31681429
33824934
31509381
33222222
35687626
34402636
33385273
32357172
33381825
25056180
33677492
28961756
28318110
34874857
34891274
26140054
31328034
30993319
34241589
35561165
30541069
28122950
26794317
34731773
31860065
33416862
23816174
30165587
30184045
34383644
30520972
31523131
30931473
30559433
35309472
32407457
29871649
34949983
36086138
36124806
33856985
34935911
30295744
28454900
34609942
30449953
29329398
32165790
35679376
35539017
27071656
33170690
26229287
36279284
34584840
35581548
24502833
30974241
27876163
32697844
34116148
34727027
33338012
30825303
30590479
31909781
30165477
36580822
31368477
34081103
32524530
36331642
33018351
31536886
29259323
28108445
36086549
29444201
35199148
33714997
23620359
26911988
36255264
35731214
31647547
28962576
29992408
34213523
26545822
34128955
35671653
32346568
28780378
29042212
27460926
30649455
30407590
34273560
34874855
35585280
35968138
31526842
36309383
34729555
34250674
35368072
35040929
34474486
30833650
33381841
36481761
29590101
27085080
35561196
31723409
31443043
27198579
35393428
32097421
28845302
32144347
22994508
23505295
30072337
31649523
32194629
35797319
29492726
34464893
30993316
34503564
35030497
30407489
32719840
28402416
26019997
31904823
27711123
33821950
33780873
36300680
29409062
35372830
30541431
32365169
28961744
31435647
36700086
36113743
34297803
35929808
30561544
30606103
32706871
29610101
31182859
32976099
32730566
31913448
33289531
30203022
31509525
29908313
35042156
33583075
34864890
31350781
30813377
26342231
31950985
29691633
36699376
29949993
29186323
29718118
32657361
32259207
35388017
26908349
36373132
33431015
32574987
32873872
23736531
24191071
35752114
33318503
29426887
32470109
35834504
36698978
25474353
34984440
33609920
33141147
25755272
33097004
30601942
34224348
24148309
36229609
30295703
34432021
25573919
23825371
30953530
34647978
28968771
32706368
34050488
33576786
35809529
30873519
32881682
28575251
32045715
35775965
33141670
35860374
28263961
33258917
34196671
34217953
33325491
35546390
27663495
32563023
34788793
28144630
29922519
33497572
34279571
35759600
31804670
31824573
30256887
23849037
31286860
32165788
36339306
36387085
34344372
34251814
36699372
35967929
33544558
35015633
30867032
34982682
33989151
36448715
33647976
34780330
29360956
34508359
34637113
30507538
34515755
32293263
33272320
31621827
34812423
33416857
34607562
33283198
35652722
35134858
33398274
34048559
35428172
25614471
30701493
31218364
27153638
29177113
30114382
35435214
34273980
35579343
35226665
34414035
33888761
30649252
29994416
36070128
33244594
34741894
29801431
35346298
33664343
29444235
31416467
28369191
35443027
35366467
34343887
30485088
31508216
36063528
35758797
34213529
32369554
32432232
30004883
26315901
33828580
30561550
33765281
33381822
32340964
32398051
33555318
35688892
28505247
36389254
28979763
32966552
32864216
26556385
25143289
32600310
34044854
28379302
31636330
29538618
31328780
33300547
35286257
31545363
35947569
33381847
30497368
32989722
31824783
34559638
32428201
34020537
32065619
26517719
26231427
35571559
36321881
35785021
30177583
30843817
28957495
30169561
34755837
28505286
31845960
28919931
35758822
35020596
30649184
33624746
35673010
24526831
29718104
37015413
28961716
30863868
30903182
30453969
28073353
31510709
29982337
34968624
27153593
36304309
35463193
32398145
34262591
31247542
31536029
33848948
31094692
29069347
35580841
28073756
35514186
35271451
35672665
32357166
28459942
34864895
36063520
29931226
31689201
31999326
32681163
29799487
28379299
35470070
36459607
29309061
32180789
36316489
31503285
34748513
32956448
34788221
31502974
34622551
28703583
32968522
36073882
33014338
26930599
35652780
32073612
35667327
33624750
33879052
30445488
33416852
36094347
34908121
33018105
28137600
32305449
30596898
29950001
30669962
26628587
32241303
29939219
31116375
31488068
35209761
31268128
28533988
30184055
31510662
26963062
35576822
26801958
30558539
31600071
32986549
28077568
32315334
34303360
35640384
31808789
28406896
34255479
34972525
36992918
33135074
30532623
31350874
29377990
33315553
36267181
34788792
32597959
33575647
36327102
34241315
33416850
31347164
32606385
33501233
25583564
32311467
34601589
32966211
36027876
30040631
32164528
28595376
28224054
35748887
32062701
32449758
28104629
29763967
36018233
36271853
32727359
33285356
29028986
33981332
29220442
33667225
35191361
33142319
32730565
30850846
33367522
36228364
32399562
32805274
27153617
34252956
36522758
26989607
35038984
34606773
36328766
33325494
36112560
34115592
33118018
27307618
32504647
26887850
30583719
32112099
34182928
33673854
30184106
30423082
26678408
35578654
35285473
32356764
35592264
37205013
33141668
34081399
35026035
33226067
32039696
34289025
33347409
31857828
31510699
34146104
34664638
27153679
29215871
33591316
34078267
33432232
32413137
36438203
33258966
32414326
28886064
33367484
36777398
34971530
26361499
33373296
35172576
28348840
32256503
27131372
31818249
28886487
35992043
25004097
33325492
36220951
25338721
30999845
36208225
32726411
33961009
35652719
30835760
31297509
28369225
30363398
36570910
33662624
35209912
32903653
33355528
31913435
31077294
30304439
29688282
29065872
25352552
29506148
33989384
27153669
31131017
33760066
28275541
30594121
30903685
29272339
32685987
31978537
28185571
35099535
35238331
32657376
29672669
36539387
35259102
30419785
34086840
36179379
32745209
34990354
35598328
31477162
29982387
28035814
32372386
35635815
36699347
26342255
33848247
32620816
32767996
36178571
35974742
34594463
33679900
32407533
29990238
36368946
31510693
32252628
33079990
23220575
34158507
28165109
33577459
30821128
30875428
35246258
27580188
33590697
33772054
29697740
32931429
35224614
36269924
34027500
36223196
31141211
33391870
35645753
28119735
32353146
33070179
31020560
33249453
31593214
34197329
28407042
36053166
36699950
34890793
30452960
34358228
33100014
28172557
35144531
34801821
31639049
26558903
32657412
35462346
30925857
25343723
35371212
27153641
36523475
31971565
35752289
35258375
34048541
29728244
34522291
34270414
26381164
30818329
34337657
34127241
27318202
34009953
36346499
33609108
28389770
35667078
34122498
34195080
34232869
35417356
35975958
34270679
36456532
33614290
33126105
25926346
27130170
29692705
32167892
35804290
34373895
34812368
34871738
28172448
32523325
30445487
27708423
34567846
32561899
27373737
32248092
31062858
35561201
34415016
25837600
27905871
34851830
27560519
32866093
34305257
31990289
29949992
34269417
35932043
36699420
31971582
36227812
36451223
30387738
36574399
34323970
32726399
32407402
26958216
29874547
33216147
34302462
29617950
24658388
29076105
34614189
33072720
27503052
33367853
36344580
34544357
34034715
35575379
33892802
35524174
37011258
35769001
33384902
30583139
30903185
36700091
35589837
30624608
27559159
31889184
33481705
30304483
26855675
34553938
34591759
36468915
36070252
29534153
32849764
35809058
35797275
29106455
32164527
36130056
26076734
29280991
31070725
28973463
31068132
31438847
28968634
26611766
33676403
29850770
34237137
30022098
35799281
34634587
30887023
29950007
31510694
36149842
36040945
36257134
32174963
34048546
33180303
35436292
28361665
24618470
32805010
34088961
31613751
34991450
31243057
35614082
35274675
32324542
29868858
32915962
33459761
31504180
35622787
29621252
36619248
31432070
34101606
26391627
30904379
31200644
27016733
29069317
24398039
34478500
29242838
32657357
33119294
35617194
33101323
33693556
28769780
36304308
25649621
35951563
35420989
31985437
25081493
27634947
33004007
32905831
31194735
32657413
31450065
34020551
27153603
33104503
36309196
30649181
36217386
36700094
32734156
32956450
30840059
34793313
28053114
28436873
30994899
32210056
34035195
36250203
34371319
29372115
32714656
29741719
32444882
31250907
27284087
31167639
32247284
34710378
31283472
35167450
30816926
34460382
33720293
23437047
33845760
34724938
35561158
30477433
34086863
36271369
34717540
36000859
37015482
32291732
29850816
26729273
33584612
35127968
32520350
31463010
30400805
33180488
34717189
34494276
35730989
35774988
25505094
25786205
36315993
23980024
32734160
36315536
33289510
34793301
28889076
33367499
34986802
25780763
30561628
35786716
24647222
32894708
35484318
31501885
35863177
30726079
33677499
36699418
36331280
34749664
34941991
30500881
31909830
30924874
31782759
30850831
35526237
33751043
36283679
34813472
32053185
36006843
32312224
27153646
35678521
35082835
26543173
29087435
29028905
36738058
36518944
36316646
29730207
33074807
33677505
31264420
24695491
29036558
34062051
26934708
33822891
35333725
29961853
34139910
26936354
35075458
34616426
33304377
33760050
34348892
35140207
34427581
27549814
34180970
35524684
34404349
31318408
30407485
29982330
29420682
32679533
31070716
32119079
26254214
30955233
33165513
36284337
30252445
32763763
33513017
31746961
36171799
34688247
36700101
30329181
34145888
33852600
31400194
35664040
31617569
31778140
32601612
33416866
33454736
33135014
33600315
31347687
27556637
35176135
34252942
30291874
35482691
31147687
33710902
34416654
32657354
36251894
33647871
28200001
32245390
26500154
24478338
30482154
33039787
28379341
32246821
31240307
31071029
27829344
35994925
32374818
29737047
31235637
30865639
33715007
33575649
33472984
35925853
26502173
27187200
34493371
32182365
35494810
24907369
27623864
34383646
29272348
35690478
33575618
33045081
22908216
30977806
34586393
30009991
34982677
36124796
32579187
37250853
32989764
31095270
35368074
28137264
36029248
31040866
35979445
34601568
31070721
30298069
33515241
28666320
26395771
36700113
29659724
32112578
29141584
27153692
26072474
35091277
36323688
34459872
32983048
32513098
33947431
32176694
30250057
28843534
33524009
33090961
31310539
35529251
31498385
34473240
29179672
32573679
29514179
35688048
32559380
34086847
30832740
33798086
33244583
30032202
28192537
25028724
34463709
31904810
33560848
33983382
32066370
31132275
28100788
27246923
34492046
35857792
32666466
35428185
30307540
30736849
32796939
27256312
31457399
32142417
25721538
34586380
30219853
30579309
31860024
36698967
35801503
29028262
25637556
29949984
29504909
30668641
32203388
35186034
34627327
29040432
36524105
31504194
36402891
33181823
31116364
33704372
28383704
34042953
36700110
30903684
36573842
35879674
29309511
33730950
35020790
33458452
34788784
29156419
35963474
30766666
30508040
33576396
24990608
28582481
33087064
32766627
30403640
32581646
31904815
36699415
23180795
30977807
29620867
34139164
33515239
32882151
34874302
35962724
30583062
33830197
34133282
27153722
34252961
35696018
34864882
31845517
33741075
26130577
32786512
33538839
32801215
28991750
29668842
33535230
36018878
34406954
36313263
35917572
36269904
29186327
30403647
28369171
28299178
35543462
30020410
36368344
31730620
32972671
27663494
34687347
25884654
34244702
35198765
34983062
31960374
32134380
36355866
32657373
32729900
36333911
35939461
28113725
34170295
30096157
35717914
32566389
35923321
31634636
30241466
28974030
30084929
30458005
36074869
36507898
34107894
35845648
29506177
21685051
29292031
30626339
35533169
33693580
33232443
34791036
34255822
27048905
28679158
32592465
34061735
33135060
36002797
28052926
36699344
34123359
23925510
25324962
32910174
32986542
28594827
36610267
35134828
35531070
35085334
33914683
35438146
32108858
28013191
34406368
31971568
32548298
34340106
35188177
34788802
30735498
31688931
28003258
26072476
33549725
35092277
35941103
31978805
30726743
36126833
28535748
34177934
36387767
28217262
32831124
29955804
28052928
32138767
36699369
35244144
27330851
31038664
32221617
34803591
35946873
33471077
35749323
33866359
35330935
28541403
35876858
32502231
35107884
36147663
34301175
35902093
28348871
29870353
33914775
33438731
30588288
36355409
30124998
35465223
32697830
31067238
33075523
34136800
27490490
36228335
31871433
28205676
36100346
27189561
36475762
28093409
36258137
32396811
32132732
35317230
32415957
29949989
32176767
29718142
36377123
35998924
26529772
33241313
34705638
34554215
34315992
33560364
36338082
31960040
35876792
32683454
33622385
35254994
26249815
33755102
33136153
31297508
36047382
34891348
33315571
34389500
31364357
32825808
24192544
27816675
32005130
30257640
26460497
33103164
32348463
35561174
32131723
36508242
32449759
30101356
29253070
33734318
27587675
27559153
32998764
34003758
33581336
32311009
28057858
32019418
34039412
32324731
25504847
34864867
36304313
29992320
36699380
26545821
34085037
26568629
32821900
32961254
35191489
34569713
31455362
28605037
34663427
29491478
32802276
33475133
32621217
34559446
32850787
23267174
29186340
28641267
28873405
36478706
24994890
32791338
28379351
32363341
31950989
34488013
34288873
27455061
33743584
30358816
30532199
32086216
36128510
32511491
34726691
31380746
35032393
31070300
34550881
28968690
35851403
31453286
28968663
35096050
28482046
32639154
31511901
31703551
35920769
28365737
30469014
28158419
29713083
30032240
36306325
32437517
29873705
35758812
31856669
36111870
36076174
31816396
34141873
31603468
35777085
34142828
28977405
28158480
35640978
35758787
22628524
34550884
32130242
36780239
34586352
34874987
31649723
34014317
29932424
36375348
33381834
37015489
30896917
35002099
29617936
34149820
26679347
31262247
33790340
29888397
29494588
36349595
36124789
30084941
36094335
29330416
30649215
32726397
30393630
34130628
33646948
28377776
29077847
35360171
25754258
32123556
30768158
31881818
33631430
24297520
32065617
33226061
35181793
30520961
36517735
31029251
32917036
34709663
30329015
33745450
29385408
32516357
36303787
33320936
29340952
35386279
28476119
34904628
31882996
34930110
36147670
33416869
36699382
34473626
33042959
34106846
35321412
36304323
34493215
30994902
34741132
29360927
27671088
31904817
36161334
34404355
26350211
33835916
25147360
27721650
24068035
36121957
30481258
36341491
33774269
31452104
30399165
36561335
32668919
36165687
36192696
32683449
29381145
25818563
35128343
29178968
35997564
35696650
29522153
31776723
31021793
28873962
29228172
35552363
32676097
32047747
36824339
29566132
36040167
35561163
33851200
29990201
35192366
30728425
34524960
25081207
30830359
25799441
32476995
28424704
30165908
31120490
36586394
36356389
34893807
35294448
24470576
27497552
36368923
33471816
27222536
26545823
27481212
36164596
29036413
34529669
34499104
33024924
30777010
30824707
30535020
31375105
26191646
33481784
33155465
30799505
30445566
30032192
29790907
31070732
33686079
35030988
24484323
29752479
32170933
33519912
33258177
30481259
35150255
28410421
27851981
36205602
32349658
34151932
36449463
35715615
29415173
33338024
28828506
33371887
35218338
32764847
32003993
32477691
29444232
26062548
26872269
33275143
27708645
26668004
35876838
33381850
32736515
36279331
35402832
36264744
36329636
28204566
35299717
33726666
31461459
28314828
30875752
22556365
32670259
30286710
31797620
26920848
35134826
27296979
30664775
33381821
36250784
30535314
33468205
25960870
29351600
35604968
35303886
33705528
29508292
28894651
28365743
28968637
35108355
26639619
32834919
34056326
36399591
31627739
34601581
28456410
34727106
32637988
35952419
36205607
36325073
33334313
25938255
36311995
29211828
31995498
25995229
29220455
32294194
32941419
34671814
32049324
34999756
29868279
33834198
36446012
36561659
36244305
35503723
32180801
31790389
31535994
32657404
33471063
33048673
31061989
33964886
32782421
30935409
35561172
30321264
28875524
34324563
25788625
35043045
30445432
30873538
36388152
33359676
31904419
31510696
34390577
34240979
35604967
28821014
27302131
29084508
36472885
32311023
33270873
29260268
30716034
30541050
32207937
35403172
30535258
28040696
27382152
36700112
34197087
28405621
34227195
37015640
31830249
23324024
31831407
35432950
37224329
33257863
35906703
26625158
33566757
33680209
32967610
30304373
35781048
35966970
33769711
32879934
30184435
35310650
33630066
35749325
36304326
31160636
28407038
26267278
36413017
28525531
23904992
29713081
33120283
36088285
34178436
35134857
34731775
32657393
31105546
29420676
25062443
35551365
31783254
32676221
33738486
24348509
26209798
24177719
26319221
29740518
35298589
26833344
26679379
34126932
32568524
35114401
29562307
32186692
24511145
35387307
34252927
29672675
35378930
32476993
27225325
30165396
33872966
33810991
29385403
35776068
36037559
35997568
35119294
31310719
29718100
31449825
30169551
35452708
34042937
36040941
36274714
33135067
33417537
28035028
32692832
35713780
31228267
35176149
34645386
32881696
26443060
34252947
35595247
32778142
35621307
33371891
32985524
36106996
22711784
23282094
33022174
35139076
29202689
34411712
28158465
28025276
31300006
34555591
34447942
31180840
34747489
32375693
29474523
33981311
30629122
33135051
26825632
34956741
33405244
32976572
30801021
35781585
32426808
34302453
28520855
32938494
30634899
33029071
36699392
33606645
29668840
31029080
30576851
28982288
33689914
29949973
33508309
28498906
28316653
33704363
36091622
25765346
31197318
35724282
33852396
33136540
34048563
33087062
34806952
34367079
22595209
29036584
27603265
34428290
29268790
29850891
33534720
34183122
24501098
26496198
35037023
35998480
35926337
27930809
29617932
27227352
34788791
27887642
36085938
35349459
33331887
28658056
32492116
33245114
34731471
26500152
26873929
24564231
34013329
33575580
31551994
34527200
28723579
33165532
29529991
36436489
33523116
35412981
36229835
29701853
36116110
32134472
33951731
36699364
33690813
32377445
31393558
32003785
33538292
32167528
34704450
26315907
30852249
34545335
36214638
30726876
32169585
27069505
35900151
36084453
28950836
33902725
33607296
32415972
32401526
32614393
35167639
26285671
32322367
30873528
33927352
35876845
25910694
30184069
28881991
34765090
34864898
31613890
25884877
28646174
30203023
36531584
32406914
32289146
35552372
35575002
36203144
27337644
33381823
29066303
33737026
36124793
32462192
32096824
31214684
29183738
35050855
28230851
30998483
32665250
33410688
36699375
36028931
32003773
28472388
35310659
32176274
34778549
36000898
29444237
35069469
29028893
31828502
31794006
36070305
31764967
34214175
27402905
34411265
29325057
31023239
34889728
35524165
35238330
34723158
33758852
34244782
34890139
31238097
35464940
34688246
35245044
32176768
32413030
35035263
34308361
23303508
27412092
34255836
36377755
33147620
35281798
30954476
26860211
28637275
33205815
28259147
31848038
29939199
36094338
31392318
32845497
29069314
29236954
32497118
36425113
25159222
32369552
36304264
35058974
33929322
30295730
34754797
35020801
33269929
31432329
31899481
33229441
30202999
33623929
34293850
35104333
31584606
31624092
33759119
28815111
30414112
25236461
32657410
34953431
33252656
26227142
33831109
33426151
32786700
34666677
31328031
32653907
30382840
32460307
30324701
29228182
32991583
33651690
32176273
31216899
34398181
32222230
33236023
33346827
33704387
31870407
30994891
30886627
29422030
30890172
34843456
36819073
28968802
33909577
30666785
35561209
29718177
35664227
35251953
34096994
31689184
33090994
36050488
32116467
33390943
32687488
33051642
35016079
35022651
29025915
27153610
35150239
31287496
33471061
25703262
32561532
34621504
29675120
29155959
35305030
28165112
35639661
36710930
32315391
33719418
26335049
31211016
27634948
33315565
30808172
33347570
31830259
33317272
35099504
32167521
31300005
31794005
34849210
33270805
27318041
34469518
26929718
32525553
29961836
28961686
34637379
34130622
30169785
37192934
32493406
31529040
28186227
31156708
36274238
33970217
33856982
35265838
29931282
35652725
33889181
30590444
32966562
27122020
31028395
34285779
34400839
32038539
32269234
34529673
31250881
33737718
34412594
30887029
26072481
28575161
34666191
36171568
31821414
33732074
32227192
30239666
35695757
34534268
29931218
29870330
31809021
29127664
33409121
32873325
32082406
35695743
30423065
34888624
34543913
35642896
35532083
34412834
33769437
35227283
32176271
29361904
25792554
31189086
27436563
32281797
34559177
34971364
28011782
33989156
26130574
32470106
31510705
29790939
33317631
33661636
33717033
29506475
24974202
33882712
33720331
30154821
34048986
33040418
36383528
35183129
30169569
35765365
36950142
32391349
33970232
34033544
24932000
33244588
29194476
36507171
34875006
22238257
36264601
30889216
35863045
36472574
27896969
28073760
35873651
31350881
29509844
36260587
34855584
33886587
29992288
36525361
29522576
31360216
29270229
33072547
35238346
32681690
35731218
30963287
31584616
33850146
35610583
33771218
34871451
30558531
26536860
33787852
31117948
30668675
31621841
34012524
30010780
36161327
34020538
35994482
34999761
29186559
27307643
34736126
33980147
36124794
36172575
33889437
34125879
28622336
28069594
28061749
36264718
29982288
30836155
36441899
34664624
27790076
34179848
36351997
36700087
33203364
29267850
29790190
29579141
32022861
34809190
34037802
33750951
34650228
31584605
30898144
31295546
29912280
31359040
32657400
31400197
21296748
34377977
31510697
35403803
34661112
32976553
32028886
29770697
25075120
30340080
27852308
27497439
36250795
31622216
31510685
35789376
36032123
30184140
35511108
33381824
35863247
29036382
27504009
36000872
31805043
35188891
36592580
30528447
26072508
31608933
32750864
30860572
34464261
31893215
28727806
30351397
25786235
35357559
35297061
36700108
30871681
35060608
27551105
33325516
34374039
34021745
32196066
31888474
32649282
30767762
25066046
26740523
35192729
31038697
33693548
31373608
29592900
33942058
35758770
27153645
32427491
36699390
24928211
31329240
33509077
31991307
28993694
34555392
28928946
32859150
35918564
34998929
24472558
31650686
26948674
29590339
32946833
29765358
29176847
36698762
35762974
34869373
33710953
35671504
31603511
32835483
35184734
35645963
30202935
36277841
29931233
31116390
31723420
36184069
35748697
30188119
32276087
36053180
30888556
36342887
31665223
30537483
31429549
30916319
32292649
32698896
31540993
32883297
27307614
30923821
31830243
31038689
29506387
32027371
29186450
31904816
33691009
30851095
34498061
31778148
28541490
29390830
35982106
22764160
27153570
30540478
36071071
33641077
30304492
33606709
35537338
35532115
35771600
33619465
35751187
35290901
27613390
30393377
29905770
28011786
29028963
36282824
31425075
31433799
35579340
26020645
31603766
35261742
32614448
35882682
30676944
36331283
35950840
35496629
34786731
26996738
33677108
35168170
36057198
28651633
36691163
32283112
30873531
35179571
35674360
31392327
33320808
33407064
24008420
26850166
36381610
24371154
32866094
31283184
34851838
31095856
35280976
32884053
31702789
28472345
33707935
33119511
34469548
33828122
32925586
27797775
31885044
30563849
33361004
36852763
34587451
36094101
34391391
29425273
29543149
31539018
25992957
29617944
28645171
33243992
30388122
35799358
35020805
27287006
32522662
29700301
33328721
34252974
33680433
34517538
34478489
32155140
35640981
34606462
32182236
31666118
31035919
33964128
34620862
32589837
26363029
30642251
30735486
36525892
35700254
28520987
33347303
30479891
28633445
30097014
34672337
31011185
35346022
29346509
30550813
31649491
32670002
24733292
35529153
31790146
33450063
31147705
33490784
32053166
34382072
36659917
27680298
35235512
27011215
25757547
34252971
33586368
32571209
35771625
28881988
31633087
31510692
37015699
35588409
33459339
35749327
26519502
31584634
31616589
36137534
33575620
29782487
25626454
31874628
32119073
34494101
29337991
35012455
32721444
29049343
33662620
30586607
32857502
32106105
30792474
29092025
27378303
24790156
29868832
35022993
32997631
28334105
29659989
23129298
32223173
31794001
30903138
32941613
28197091
29036536
28062442
34818611
25344330
33106676
33024441
32612757
31691160
35444379
34450651
27765611
36072432
35870880
36018232
29363427
31070294
34460810
36395126
35647617
29092015
34101585
21169373
35767485
26209068
30084920
30890159
32886099
27354691
32972662
34176069
34695175
33230554
25645318
34553212
29790940
30225327
32711842
34587092
35020793
28379292
33774657
34527215
36068974
26708336
33283505
33241321
32312232
33309562
34824236
35561207
28049411
31359028
27634951
34289034
35035264
30865257
25402475
28968689
31536115
34585247
33826511
33715361
28267884
34474309
24627786
31362508
35080622
30423063
30395157
33381844
35323860
35595234
28961795
34589187
34553746
33594415
28968701
35140885
30218543
35771633
34314354
30692623
33035155
33398153
34718420
36340405
30481266
31511888
26803163
29340616
24931983
34235898
29186362
33003197
30101303
31665271
29529017
32159762
34346979
33048117
27493194
34000989
27708565
36495018
34695842
34717467
31688914
32213253
32277816
33037149
34861602
36007229
30649250
34260698
34534080
31070704
33819152
32678794
34255819
31410856
34394200
35130112
31249365
32873432
32383753
28065902
31406990
35993907
35452387
32838738
35767510
35088055
31697351
30649188
36178325
26687719
35642935
28881983
30010716
31649733
33603203
37015524
26443613
36124804
31609424
31917388
35104320
30423075
33416856
36469547
34978565
30169737
33331865
25888443
35069703
29594496
30106731
30114381
34003445
30295745
33763462
31683036
30418485
32976109
34145885
28637232
31937236
34874538
36402838
36325307
30652568
35130178
33762588
36326080
32516825
33428571
36073903
28453669
32065578
35363610
33210433
24976580
32657415
34410861
33743088
34086576
32415954
26713261
31838506
35338586
35913976
34734373
30676952
27647159
32857695
27153571
31797632
36699358
35191485
30661584
33325487
28743252
29554487
28881998
27797763
36699398
33270834
31947335
32444848
34353886
36288772
36419623
35657711
29722785
35584075
30131898
34457138
28968765
34062065
32232425
27706202
30808380
34050728
32879935
34311421
34335702
31649739
35561195
25480375
32418354
35561166
30511867
32750945
28961949
30923763
32065628
32789660
30500878
27587695
29474638
31510701
32946443
35595250
24319000
30351403
33772539
35674359
31329826
32185818
31562766
33757425
26913195
29241246
34270210
36070839
28344990
31604014
34232887
32916289
32149021
31363220
33003206
33238837
33106483
34882198
24950811
31220250
31076776
32227194
31688915
27182962
27250555
30649203
28334086
31236097
33098410
34844559
31930386
34478499
33588753
35022654
30329022
34469298
35382730
35866989
24885165
32348298
34587098
29931307
32231869
28282119
31249421
30773592
26206277
28049409
33155801
29300834
33974000
36699373
35816597
35413440
35081109
31117512
35872022
27158457
33684532
29298299
30564458
29718112
31209473
27234029
34868242
36091495
35749381
34789335
32415963
29882166
34661630
32844204
34184051
34416914
30462145
30649199
34636843
31096906
31368481
30668829
28655158
35997560
27307619
34562304
30590442
36699410
28008336
27659774
26743512
34352373
29368646
36384457
31183253
31978548
31183256
35660327
31510676
30259699
25725495
30571634
28449114
29228185
35366792
27308864
35157021
23734675
34056383
33295604
34524429
35034452
33253159
31070735
30321308
31690272
34252946
20421198
32682392
29931189
34713468
27153683
35149431
28186220
35777192
36215378
34386268
30519990
32334522
32324217
33750713
34544908
30145436
30634957
31730192
35758802
34478488
24602450
28430779
25253358
31393560
33331158
34498685
35043942
30893816
28369195
35120119
35652721
31868369
31647522
34403338
30444017
34351427
34293115
32853153
36417730
36436302
34003749
32766570
36699365
32634825
33381819
30447095
36198065
34932474
35482530
35286304
27754599
29850774
29764363
29931280
28981612
28578660
32993491
31510653
32479991
36324794
34488800
34053092
35595534
26377073
24574113
32528447
31881842
35094072
34662403
27312410
32413036
37015553
35192731
35786550
35609785
22576174
28453684
33094318
35935827
35794045
33547826
28646874
33173801
36311167
29931246
33940038
25649617
32853330
33901288
35484572
29990252
32915967
35904544
33529200
36193998
31510674
32678893
32023053
33279962
30914698
29545529
28747380
27587655
31116393
35416378
35927789
30581910
31504175
31543820
30937435
35136947
31589315
33970219
24011402
34280097
27153627
29501620
34252928
35760886
35350759
27318200
31266446
33481716
34171457
34021743
31808791
23875683
37015418
36367913
30560923
32562898
36699346
25160522
33613485
36512878
25285208
32001327
33554117
36442274
33217685
27214047
21529350
34995810
32390334
34814627
33676405
22954632
27993779
31653223
34849577
30977780
34586372
33872156
28881982
32878627
33133130
26392354
34718402
30976545
33332278
35561202
27634291
36426246
32324563
30851155
33954119
27806686
34990643
35849019
34954792
36310179
32881365
33294129
32439386
32283553
29630593
29603730
32365167
30508066
34252965
34986264
35065401
34450622
34172093
34074310
31094065
34752391
34138701
36401132
33600316
33344813
32864883
35036757
27402903
36713195
34252930
34178179
33553134
35860345
33610654
30994904
32637981
35176756
28383679
31325710
30932850
34362386
25914720
32265477
36155475
34570707
34101584
33532819
32534132
34623374
33892501
28498928
30084956
30219103
25344497
30247624
32467966
28319112
32448124
29309527
32572768
33557755
34567278
28166716
27153605
29888139
34252951
30060088
32041517
32282793
26558535
33070196
34045614
34904625
35421797
32269765
30715212
31510681
32211023
34864901
33576787
34881568
33594723
32349659
32758139
31913436
33334308
36102800
34181549
28334373
33381832
36205562
35961023
28968872
35699473
29949960
32721383
32038709
32407471
25927999
35952420
31373606
34959123
35536198
34252949
36086672
35512399
31410449
29528376
30657869
35224501
30649183
24727652
30083483
33518826
35695771
27153663
34246070
32736037
35647616
33305310
34847030
26142186
34368852
35713581
35502843
35134862
27559157
30407493
35929780
31555316
34791058
33963834
32784135
24078702
30321303
34910633
32320376
30892201
31380062
33381839
32224471
36699389
32582287
25322818
30819774
34261540
29719869
34358300
35929781
24675810
32793805
27559158
33900926
31410451
30423100
34664633
31114880
35021210
36056120
32437529
25957950
28961906
31750902
32516365
34074304
34146105
28950861
27153637
31841402
26048598
34077420
33957377
35561199
31510655
32657370
31665245
34694386
36162233
31800243
27516337
32129824
31878869
34745458
28587632
34463706
29447388
36218463
33961570
34586355
36134032
35273421
32777818
22628519
35314898
28605450
31260103
32860972
33601989
32618995
35188179
30165689
35188571
34780326
31822265
35932551
28011783
31783894
35312620
34245246
31689199
36000562
36120082
23705851
32658740
32931579
32559287
32814973
36383493
34352075
30423088
33471074
36272653
34098240
29528364
32377001
23272111
25123903
36699374
35193506
34336936
35150236
36438560
35858828
28503667
30821320
32024462
36523301
32172688
34165490
34353244
27334472
30048445
29868763
29028988
31821406
32645012
26507705
30845191
36699355
34383882
25192740
27896993
27605105
36303771
32163221
36713287
32568373
30298252
36329619
30505944
32849772
33769479
29722888
31778144
32138643
35607621
30864311
35698617
33471440
35177675
28334094
35612011
36246655
28659714
31689213
30440487
36087002
35561179
32003771
31510673
34125906
36745150
29228294
30364599
33502512
32910823
30816927
35503832
28486579
35252351
33223872
29993710
28692984
26787189
29301006
32619001
26977803
34521442
31511299
31116384
33381840
34340104
35834450
34398215
35931981
23320958
23688306
26545397
26423047
33830216
33444139
33300028
33137700
34473624
30402352
35800095
29186321
28317230
36383495
25808134
28130230
34555725
34542606
29110634
29722808
31070745
35289834
30682127
36357404
25884379
28505270
34244724
35512391
31510654
26496191
34174829
34898442
30253810
36090812
35595235
36346583
33953661
29343727
28169395
33119059
30753947
30770850
34893817
28977509
28158972
29608554
33045744
33471068
35536818
32750893
32830452
31523522
37193322
24314033
33459767
35997827
37015620
31903446
31843688
33176026
27277014
34252920
34213059
31472418
33704421
33513136
28170390
32755578
35622805
35876789
33990982
32752727
36081197
31443728
33346799
32955876
25338717
34235130
31702762
35754941
33841507
34878104
35758790
34838100
34826300
36178997
35263249
35136070
30504886
35317727
23393584
33306798
35134830
33741524
33580675
35437474
27840675
31657111
33270557
31510682
27587693
35561183
30474983
32591545
35239339
33693500
33515231
34971366
34252938
34126997
35152041
34039269
23987304
29036573
32429868
32866092
34481183
30471319
22880129
34375586
27161244
31984368
36333324
35030991
32689946
31510672
27587670
28066488
27354699
27046520
34108002
28232198
28171615
31946144
34125676
32866223
30906311
32365037
28055896
30153801
29967758
29490018
27153651
31470794
35500458
28892169
35426898
30832570
35700251
35297104
35947572
29843604
33488379
35536805
31396256
29950018
34398194
33752601
36414245
35106547
27994031
30649191
27013184
28089956
32505420
31418766
21911333
29020744
30897079
29850911
30962623
35854736
30875427
30821816
31909794
31596440
31263873
35792069
31070718
34329376
24890372
24970577
31998371
34757904
34198042
30837511
34783553
36178955
28701187
25183856
27531103
34928392
32437556
31197312
33523234
35713500
29267855
36700103
31521605
34631789
30032270
35213317
30520956
32365209
29444233
33835441
25873626
31769783
33749263
32248091
34559661
25505087
35251771
34379594
28961965
26399714
35759870
29949958
35485748
34290733
32497676
24130307
33476265
31790154
30923831
26628585
34734182
29945188
30190664
32809944
32500289
29040390
30864657
29028961
31117818
34335711
33791774
29618319
34331449
29300845
32054449
36699395
34991454
32186690
34694364
34152091
34549521
31830908
35524503
34483709
34623390
27587665
32410551
33257503
34125680
34734986
28269829
35771780
35402757
29092049
30615061
31930381
32657399
31116382
28633391
32315409
34601567
31504166
35766808
30020551
35846154
35108357
29868859
33070184
34097609
31860083
33613639
33244585
36399058
31004473
29471195
32746146
27486386
27153727
28185565
35143215
30395191
25428347
33051648
25202595
35974061
31111152
31070726
26550772
33500892
25942687
32657365
26630308
34604032
30698637
31114853
33344416
33214619
35877807
30761179
31397851
36123651
26587054
35525071
27599550
32426342
31197310
35385099
28633423
29800273
34739369
35749336
29688259
35022687
32180792
35732106
26581413
29509873
34214957
34505161
34693143
35849817
34745231
35600903
32007626
34232474
31801606
29028982
35255825
35134110
34997142
30930939
33714842
24688855
31068967
36103439
35259119
30055230
27307641
34623261
33754707
32287029
35183875
32976094
33961022
29749232
27513885
28113405
30824912
29758091
32931989
28981893
29340599
31755898
36950141
28066774
30423105
34415321
22957556
36584219
35460019
30169747
34493940
35912583
36049552
25638815
33824954
35758612
35943614
30865271
36464731
35176146
27625391
33360984
36053172
35525069
35604083
31754708
35021191
26467480
34096704
30462190
32702486
33135053
31742320
36249490
36070259
29971313
31684876
33300982
29544535
30184049
35977377
28402393
34932476
34967936
30219850
31135367
32454029
35536589
28158334
33599254
33636485
34951628
33834190
27402907
34252968
35380031
34289030
33471121
36063454
35794416
34881010
35711912
34252972
36482899
31553437
34115093
33996289
31349009
30649258
26261223
29319471
33299912
28217081
26543176
36112576
32637989
35831385
28073755
28961917
30296233
36513410
30986246
32547592
30276376
34390574
35801937
35051187
35640976
28334306
35915051
36084812
34375278
33533614
28065901
35176026
32591519
26733453
30453955
31173946
33335808
34368837
30785192
36240041
31176619
31389023
35748713
34019074
36170407
30576403
34567063
34957585
36210804
32502238
28969605
35901457
35077359
28171609
28383669
26854601
36116298
34499497
34315441
31722090
36129964
32786686
30689768
34043981
34033539
29955818
30660788
36137539
28220888
32324993
32966210
31697315
31299886
33107913
33179040
31661016
33822884
35047812
30873546
33135730
30462171
30535005
32401701
36308870
35777367
32232438
32657381
36344913
28858785
29222760
35139153
35536291
36213104
27079541
33045053
35108376
35773617
34260702
33051653
35275820
23469199
32947047
33352373
29955821
33538820
27742697
30016330
34586377
27134721
32746108
35758771
28646877
29949957
35601495
25212755
26573684
35643462
28819548
35695848
28881971
32393315
36049234
27327495
36051852
26790568
34297055
33315064
31199455
35862336
35575313
31392323
36699385
34358294
33446828
29562324
33848326
32478790
35814290
33252655
32795966
37015383
34729462
33904574
35669063
33961626
33147142
32181478
35274110
34748489
26089768
30359297
32568539
29048555
33522806
35816264
33381831
35381376
32167529
35856714
30649185
33687221
29774017
27307649
34671179
34152981
27232694
31521251
27096930
31804671
36330358
29262854
31164077
35179547
33631429
30184058
30423101
24728856
31238184
32371990
33602117
33502977
35547842
26374641
29986050
24152167
33707596
36435056
31584973
33241296
33662629
34606464
36399413
35398990
27435615
33212495
35871688
28678712
35784189
30118475
31608516
29949956
30459825
27587667
31660858
29186329
35845108
29272325
36578091
31797607
25408304
31913438
35275816
29141608
36264128
34553750
32750881
33051645
28174903
27638685
33346821
31038666
30772464
35674358
35552638
32953263
31742600
32657377
28761119
33830205
24564732
35007277
34529570
36544472
35801913
35997557
27634869
29688379
36247573
32167532
33126245
25435543
31504164
31510647
28804525
33693581
32399565
35747553
26357045
30165585
32964234
33759134
32138660
28741222
34050150
33791734
27303709
33775256
29028260
28216647
34725754
33798082
34850828
31589307
34334826
33713107
35040939
29955770
32176244
32191882
26088622
32264931
30596645
36684763
28278150
32825850
33240264
30918943
36347858
28686798
32251504
34196689
34310328
30991099
26315905
32678900
30705752
34784283
32091578
26217733
34864893
29896173
23668630
30836965
30921318
35856034
29036421
35801930
32333624
24879305
26361502
26936254
34545927
27187204
29860504
30909118
25923330
29659719
35669347
34449391
24794932
28379466
32865525
33135043
33012121
25336502
32750869
35468967
32012003
35904548
31192356
29415263
32938397
28403906
36704711
32528441
33196775
33532849
30535348
37015366
27646141
34795237
27587664
32667925
28961771
36038834
28625989
30394573
31170223
28173098
27153614
32681003
35320093
34651655
30337798
34276801
34726732
28816025
32638008
34413922
32938365
33961008
35771611
28203701
33178256
27797784
35849103
30899036
36510332
32657396
36008650
34022787
35894642
27354700
34428951
30644852
35266528
31506264
32165660
30913270
33779173
35974311
29186284
26369703
35926335
32657360
33548405
29490015
34329163
28083869
32062421
37034305
26565759
28503299
33492672
31649722
33215069
31392324
29432517
26637292
21824426
29857183
34037686
26656932
28369222
30928639
33826687
31691833
31138328
32163111
36519623
36179077
32467970
33560995
35758608
24695406
34904653
30497358
34875008
34302378
28881977
36123626
28419258
30052771
35412982
32845281
33180737
34904638
30967109
29300340
32101279
33351756
33983880
32539089
31217133
35469552
27153600
32813699
34999757
35094502
30811448
35737606
34800971
34471496
33381306
33459757
35731778
35605749
36282847
29735690
32219377
27587689
26589276
35114444
33382655
29850798
25664543
33245108
31765387
25231498
29146920
33048110
34139636
35154300
35616099
35546903
33461500
32840562
34405856
36347512
35533190
34673567
31504165
33416831
33634313
33051675
34735341
27312413
35176138
29547882
33302872
30052773
25707430
32324859
34239974
36441754
29659695
33691770
31639043
33584804
30589848
29036674
34791010
29950021
32737181
34498030
29558135
24930140
34165492
29949972
29340253
32073600
28155631
28158328
34599234
28278479
31533864
35639618
32521773
32753028
30903149
32872896
29337990
36374886
26099265
33841753
35696463
31395543
25322835
33529184
34856923
34089018
34101605
36124841
31147676
33497434
34402866
31358385
28961926
26797021
31114675
34037702
27992540
35780383
29299051
31366358
25815161
31778142
31944107
35196229
33270559
27760515
33284326
29931190
33763518
36174014
35839203
25161223
27153686
35300047
34044763
33059369
33661648
35991563
33279606
30304378
33973999
36124802
34677586
33426704
33346800
32223995
34999750
29722882
27485443
29917060
30923804
32960209
32972461
34790508
31438611
35678507
34646450
28419507
35139152
28968741
33247715
31042285
29028881
35339845
35576409
35905070
32702106
31508207
29392396
34818196
35552632
26781640
33538766
30092755
32995068
35044202
34529039
35753697
34849594
28373895
31363407
33381849
32249310
27578804
32330223
29949971
29363426
32484809
33431016
32150540
32135093
29409532
34009299
34055490
31725862
33787870
30032263
31648300
35758815
26508755
33772587
30372442
32780800
35852318
36542907
27323842
35544507
35134881
31081512
32666365
35608310
33436511
31603462
29878048
28025200
34141199
33856993
31198622
29228191
31723427
31424527
25192739
32311025
34224879
28381259
33716737
30128137
28057687
31825992
32511346
34527187
31940522
36063453
29702697
35653385
31765830
34321962
32007944
33459762
35302164
32119072
26596874
35274687
28334120
31392430
27357171
32416316
36209415
33575566
31467462
30351359
26034063
29949999
36093336
34341411
35085778
36587568
34125670
35131610
26883915
34760328
25410596
34111183
36124869
35020590
35817303
31452098
36099220
27153691
35121468
28659176
35699774
32983088
35758778
34623402
35907779
30052755
33200776
29218430
24458950
34291486
35234904
33837381
30885720
33539303
33300997
36267125
23894185
32574335
26921234
29416792
34383754
31412777
34649147
35749367
30136942
29069296
30202930
31799737
28582575
31214700
34915921
33119593
35860413
30329029
32790850
31063501
33106076
29346514
35731777
29950012
36433986
28057677
35998568
33979731
30247632
34185653
33930742
27578422
30215673
34229612
30863842
31430550
33407069
25701571
33190012
32766217
34048343
31972019
33367690
36700105
36699393
35606050
26851340
33742655
28130232
34213816
30932845
26629978
33681976
34126874
29949976
27283948
30391518
33792647
36161666
27498275
35702380
29718113
29365341
26476780
29720995
35859930
34343744
34117739
34390575
33439845
31053060
32976573
28200105
34132766
36581214
34168993
28968798
34310709
33879195
28968763
32938362
33515237
26653874
32044914
30086412
29950010
35263264
20935049
27667790
35060594
35561189
30238745
28545394
29745832
32011695
32996651
34270693
35724289
34559666
31510700
35536809
35349838
33101613
35731348
31056858
35771653
28968704
33246077
36408459
30999859
26835189
35404811
36279588
33381132
34927666
36051650
34792587
32256520
33349243
30850647
31022451
35225328
36037090
28025198
31985791
36222555
32976070
31850063
33208096
25725496
33598099
29044550
34146108
36699384
29745847
28464287
29348708
30572828
33165528
31888434
34093996
34664632
30821321
35834456
33068261
33098859
27329863
32593761
31651034
34775280
35976109
29194472
36434954
36246864
36253792
28334396
27964746
34403932
32886115
36343484
32912314
34267211
36184191
30052763
35645759
32701977
34169593
31652257
21899774
30321266
30689741
36303740
34323937
33821956
33393985
37015653
31491525
35608290
34232875
33324401
33509079
36124808
33980133
33232248
31704313
30753436
35951750
32422654
29390084
34855126
30649189
33523132
33864189
25183485
32413103
32938367
33208101
34734767
33644298
33576802
36569614
22017798
36102784
31510702
33341869
35299085
30342468
33948608
35100114
33355667
32738892
33728416
34252959
31631213
27781409
33341496
35895656
29134153
33691023
30514392
35758810
26085504
33833899
33571201
36268536
33597558
33936522
23505292
33332269
29931141
33539297
31117932
34464590
33480403
34493206
29169277
36005929
31349863
31513641
23178637
34090344
37099385
32117371
36998700
33040146
36058054
32871105
29659705
31419937
29470400
32348455
35180094
32684275
32818261
35771788
29982281
32531204
34601553
28881963
36603439
29132292
32946974
33367491
36544479
32670351
34138708
26535114
31723226
29444662
35939482
33498458
33744973
25995231
32657389
23736529
33772575
29971090
30937433
35849680
33705334
32858457
31797616
33568045
32119082
33974009
32407523
30830320
34245012
33274051
36000873
26640363
34864897
30052913
30407484
27307610
27083558
34650190
30903136
31198636
35640369
27888230
33824393
29298679
34499127
34375295
32657391
35804300
31523514
34396127
25747054
33544680
32246826
30215679
33416828
35583303
32550561
29048594
34971532
31542711
27153579
31423789
27318204
33584791
31740819
33228531
35549218
31921040
30253552
35727773
35139013
32124315
30689725
31873730
31666010
36156149
33822888
36880061
33747051
35475253
32898474
26606115
29868725
28025178
36129860
32365170
36464123
35900371
30104688
28453679
35995898
32556912
31287491
29931053
31971581
33051654
31523128
29408954
36308467
22370965
28967166
31605131
27530307
35358200
34133284
31014229
34245242
34860150
34842435
36685885
33367748
29979768
30808287
34119695
31510667
26272984
31469855
33325499
29949963
29361467
35077353
34449360
34126655
35901464
29608640
34917703
32892221
31819106
35771606
32183707
26971251
30084962
32926120
32368329
28961782
34459713
30943891
33206961
30558668
28186240
30742040
25940563
32805016
35905732
31846452
26471719
29028892
36343000
35671591
34689750
33621981
36073806
31225867
35239482
35439931
32500119
35482696
33468706
33355665
34975493
36700106
35389435
29036513
33209251
34459719
32960970
34255820
31093654
31976167
31361962
34461375
31479254
33968376
28066818
33367504
30910724
34546073
30816920
33304261
31259020
31881831
29994408
35910402
30379987
34270699
31797599
34180989
31510644
32818262
25971741
35262678
33667161
32067951
33173536
36531577
28453670
28968783
35201291
31359031
35105355
34565412
32493756
34892526
30821315
34110991
37283785
35369875
23172860
23748955
33051674
30755172
35143615
29040451
34293324
25161244
32183729
33320174
27587685
35439133
28369339
30012088
28825821
34469510
30824903
30785937
35604356
31116772
35133933
28249561
35324441
34690959
31797618
31544932
34908103
28459850
28334360
33166143
33516169
32154830
30521030
35150231
27153704
26641660
29590309
33359347
34310137
33966074
33063094
33926549
27822531
35685220
33999820
36129857
33729795
30649201
31218344
32087727
30165481
36414666
34252975
31626284
31510645
31504211
36002937
32864481
36389165
34911013
33373297
35257580
35935897
30228952
35715874
36322519
34016050
31755899
35232068
33196784
35966452
34978570
28402386
35065593
30923373
33999207
33471069
31165141
29325072
26475308
36126402
29949991
36417727
30235130
31736974
34143768
36217370
33501282
28398467
34718410
33515242
35494843
33175836
32750868
32069281
31738392
34864908
27153000
31510675
32243433
34003971
34323947
31834354
27992111
29263780
29914482
31292179
32601440
34499130
36000837
34034751
33876955
29846492
36070258
30500872
32678892
31504177
35861390
31829591
30010712
28076867
28011773
36274526
34838134
26788439
32697845
35157026
36448022
30824905
32277811
26615212
25344498
27153674
30689731
35474894
36512876
32995502
29535597
32428603
32003786
36516971
35394015
36441878
35378524
34559044
30334810
33402531
34524415
32101278
31329576
31197307
26241959
33929967
30428975
28449031
35663412
34698333
35964419
35727732
33098413
34237613
32340938
30993040
33093842
30400819
33650636
35720715
28402395
30947071
33165517
35157600
33394026
33538792
25332377
27437175
33575604
28521770
33594413
33251246
31073612
28884168
34324423
32022854
31737036
33058460
34396097
24728855
33787868
31199797
33320180
35616228
30708257
36699411
34619757
33320173
29069293
29618504
34716930
34999766
30376061
32246828
25129695
36446308
31218493
29237040
33160308
36502693
29795570
34623383
33979295
36061673
34850813
35436188
30504870
36700114
31483995
24700534
29361864
36124798
29236975
28082455
33618440
34617031
33367627
25553811
33048771
35758807
29281001
35571049
34029187
33416853
35365231
36304335
26922376
35687114
33417578
33237876
32649284
30084957
35834453
31615395
30452641
35389453
34125666
34883531
35562653
27153586
34314502
34524416
25506420
32374785
34718417
35085094
27052618
36480002
32746977
34167459
29036562
32306231
34038408
36441131
34236968
36094334
33126862
28398468
35358235
35133138
30573817
34789142
30254530
31845988
34893819
28028456
31584610
27288499
31510661
33575639
35794165
36324513
25520192
29950019
28444126
27307620
35794110
29186545
28645150
36303785
22235263
34252958
36641940
32780871
35853071
27782801
34530727
33332530
29990279
25254639
29959685
34389299
32493208
29186355
35640971
22302574
32657359
33200119
34791194
31950997
28003259
33693477
27153653
30335785
33452424
34273949
26136847
33306467
32746019
32893403
36507899
35997565
36131326
34358288
27484442
33471750
27153695
29444236
33529337
26014038
33585910
33112385
35213804
27634950
32946393
33532838
31350555
33304536
31796389
31504157
36269177
33816830
29868827
33503255
35601960
35907293
36031182
36315533
35038079
27667793
36568475
31086982
32059004
34798407
36218394
31764961
33315560
32003548
26434730
27026381
32706647
31134271
36086352
36051871
35832611
28493881
29897414
32191703
30704456
35417349
30942877
31711930
33432275
33346830
35945157
26537225
30271907
26526427
35804320
33964132
31865908
30261018
33026062
32171249
36227811
35482481
34991446
32148427
33020189
31797628
34434553
36086223
32447262
32170932
33978713
35259087
34006095
31917259
33576390
35298593
33119053
30674277
33338382
26653891
31504159
27540265
30535380
34185079
27942385
31930375
33367476
30898084
32805018
27913617
26158448
34363070
29949988
36465095
28334822
34757906
35333723
28186226
33367501
31180898
36304303
31802092
26755625
29375357
33129149
33755446
35417367
31222198
29939217
34289024
30623484
33816994
34405058
31081635
27324197
32524428
22689644
30715210
26568632
32259206
27170037
30337678
32084564
26925094
32657394
33793578
32770460
32170927
30915052
35432857
35724277
28881970
36333579
35924980
34656081
35672784
28879061
26447887
31247539
30421405
27547532
36201885
32657364
35030496
27153986
28499413
28172447
29554289
33434134
27879036
26755626
35015838
35695374
26576652
24703969
27591079
32122302
34492010
35561204
28419223
29950000
34060239
34490909
34586477
36227031
32692749
36260595
30832730
26868358
28407147
25328913
29069295
31593235
34570769
29727441
24128146
31860070
36217239
35062020
31704962
29474529
36084156
28056782
33764879
33070187
35157018
32657367
26685310
27187203
34192308
33823536
35951761
30101309
32657356
33027502
36000759
30445607
28968723
36054653
25107872
29579071
34861616
29028264
29871933
31009452
35771651
34767506
25178461
26597515
28158639
33524142
35412825
35035265
34125875
34809571
27288495
34909208
35734767
29069318
33305329
28143596
24532725
30958542
36700085
35603231
32847502
30423086
35472762
33407081
34970305
30285630
33526072
35567771
32445109
29036616
30496231
34999771
29931046
32623023
30657870
30475983
32299346
34118871
30423108
34895295
30989231
29344887
33932979
33205830
35749590
28552554
31373345
34242036
27479078
33892799
29688382
35595541
30010784
36303791
29435094
32437522
35244140
35463378
26648681
29253079
29028931
31290943
36384050
33634272
33627065
32750861
33588539
36698759
30462169
35240379
32653926
35996678
32746241
29676773
30561548
34289010
35801934
29850783
33423051
31099741
30868164
32565223
35598329
22215819
35709752
35134816
31095292
35801909
28881985
26826718
33820988
25352981
33390682
36124799
25348214
35139158
35093730
31501853
33945472
34230965
33181405
28409507
33909576
29757349
23735186
25371478
35973091
30395579
36378790
35758805
36473292
34037691
30137284
30053098
32661247
32411695
36159985
24564706
32729132
30649284
33141669
27821060
35235506
34872590
33617647
31702788
30865266
32709217
31381222
35561185
31870282
34744183
33367525
27153710
33765909
36260602
36318663
33434124
36700097
33442053
32745185
31658262
32871010
25322836
33165571
34152577
33329623
32657363
35221678
35222994
27307617
33342071
34478501
28767689
34487148
33841068
30203001
35724564
26397960
31870278
33972512
32122303
31359834
36699383
36274236
32810217
35994538
35303580
27153590
30169792
34657375
30859178
34058751
30596893
31125057
33774671
33608040
33786087
27330250
33236761
35832633
36179082
35511850
28617232
33856997
35021202
32653917
24976859
33381829
28025204
35579370
31392316
34138709
34913057
34546288
35666184
30851108
35713506
31504205
28943403
34053094
34849579
23620357
27663500
35722206
31830260
27806683
35972352
34473813
33632298
34252969
28391205
29801433
33587696
27522085
35793413
30131825
31329243
27454666
33960644
29028891
30657871
32086197
36279326
35924164
26115986
33974007
34636840
35123539
30460711
26227143
34484306
35706920
33959420
33400902
36417733
36576131
36284225
31944957
36443470
32277818
23734743
32167530
30669964
29036374
32777815
33523131
33341884
31120875
36002630
30423068
30526492
33257714
34310294
34529048
34570169
32750878
28453682
26269717
36699406
30400818
29046389
29420693
32821910
34641955
34153026
36531925
26382193
30590489
36037049
34939905
35196225
33515236
28185578
32915739
28169538
36154868
31352338
36321255
33488678
31580402
35036922
33605414
31894981
26684930
32845835
34280099
31288217
35101114
30010791
33999185
32573702
36069454
34086858
31899427
33275607
31893286
30083482
31315288
26250111
30065857
31711526
32657358
34903012
26729709
31980104
34008127
29657280
31598631
34752385
23236265
23944269
29763731
35199137
31416565
35079716
31078111
27378293
30523308
29232861
36083958
35289871
26552596
34310601
35130143
34478704
34152393
34037680
28158668
35703937
32821925
27084946
35758616
31228188
35561178
28263989
36174880
32954666
36643418
35767492
36221136
29899414
32653898
36349096
35178872
34739376
27461955
36064320
33580578
34252943
24974206
33744433
28369201
34244796
32168888
37081923
36150641
32176769
35776534
29547932
34459867
33165574
36937551
33074826
33724304
35758820
36282843
35608807
31510704
30215605
34473051
29914358
35799353
35432465
26248314
35657840
35485740
31879763
30475984
31432076
35482486
35460052
25931804
35776809
30649351
35586112
28185580
32221609
32664994
35419032
33705981
34457182
31842729
30624635
36074872
32815536
32602888
26500705
27189539
30172842
32684973
35377870
30343671
27412090
31623266
32915731
34855586
28229020
29501921
35698034
34791029
26163103
33147209
30367582
33581335
30541062
34252925
35948990
34156956
25232314
36350801
29297296
35642899
33072440
33705321
34864884
32845847
34302372
35504312
27993777
33517359
29901812
34339370
34990838
28444127
35561164
29028261
36591535
37015702
29537391
31454647
37128454
30577750
32877342
36349348
31038667
35487922
33991092
34042740
26112291
32091572
33454411
33226074
33360993
31890138
36495601
35134120
29119702
36155464
32369596
33845759
30423062
28011767
32780838
34962861
34332568
35617323
31823436
36179076
29357822
31553186
28582478
31971575
26134005
24743991
26070955
32053182
33102477
31069261
25717195
34668528
34322328
32458976
36401569
34875015
32119067
34496768
31373612
34562172
29990367
33792651
27296982
30080140
31510659
29186339
25375164
29124719
32174119
32805275
31626280
37015437
29267851
33752596
36166566
33237866
30977648
31502970
28966891
34430072
35580514
33860225
27781170
32012014
36315552
35594250
31581092
31996134
26323713
35758819
34529038
29401456
32489399
27153733
29236948
27542845
32425990
36587439
34497978
32265680
37077883
34922440
33647928
28484262
28100700
33512157
30614534
33443536
31734873
36155620
34847021
30904554
23661694
32657374
34547212
35758814
32657368
35636345
25681254
29790909
32338139
29126246
31873724
35669346
30590394
29659720
34252941
34623430
32145009
34415323
32248133
31125056
31397844
36375412
36130053
30819107
34415301
36182762
33413610
33018181
31103790
33381838
34891950
30052912
33104194
36124797
33138797
30184057
30851102
31523183
34609167
33284109
33408321
31099391
35781319
29931238
34978568
24672471
33370236
28883548
35511515
32011279
34240102
27153673
33823553
34469455
35134132
35945544
35518360
34856455
28977646
28493862
29687470
33682877
27993785
33465132
28314612
30517749
32924440
29528371
34729472
33816812
30768152
31751224
36521297
29629246
27257550
34512714
24741440
32657395
35385080
26547490
32264880
31339632
35157051
31769509
31089211
32251507
33973997
33201808
30298220
29949986
32025654
30020411
34718405
29194470
33198651
36088800
35858496
29670519
31179172
35373388
32550271
30060113
28882005
33532837
28968639
30423098
35099519
29515094
32736513
34655865
34668516
24825614
30561549
32224462
34635615
26315903
34515266
28096083
31451449
30114359
35820013
32966546
34270685
33930829
33098418
35639662
29993756
35368055
33974036
30807909
29617939
32217487
30423078
24753423
27378304
34249603
32085722
31714223
32657411
36166538
32365032
32028885
31793979
35510918
28597937
34613974
27288497
33956862
33662531
29935224
36846560
36206610
30782135
32142788
31917401
30658851
29280088
33729928
28875074
36189325
34888622
31180870
34376217
33446014
29558968
29559002
33517897
35642895
31519212
36209221
26280568
30953525
33703901
36168719
29641409
29790936
31702787
30804760
34120269
32976925
32703160
35561198
31083649
33962169
29762723
35860415
34473226
28348870
30698642
31510686
36812810
33228535
29939210
28113934
29659721
34262601
34845446
34431982
25527832
31881822
29566638
28328004
34255826
35689888
34643232
35751026
26743509
35653901
35947564
26076425
28379368
35499306
28191844
28077564
27179027
35561180
32777813
36271850
21635747
23749959
23995393
33430993
31588782
32746239
34379589
35758786
35947570
35839185
34734974
30839919
29741583
32657383
35604972
34653224
30425888
35748706
31834373
33850647
33750689
32582274
32893299
33428577
27605106
30239591
35768752
32647895
30395160
34377961
32300014
32886613
29410279
36208598
34541583
32511334
28651329
30247770
34864873
32532211
35171986
33681991
35323892
31307130
30768150
29432602
36548122
34791067
30649245
28031034
29069312
27329130
34870209
32693019
30255780
30759232
31636105
31830252
32735310
33897398
28369246
25075287
34403339
27627881
31248886
27884106
34001247
35004897
34977350
33997112
29935353
30445428
34105943
34273146
35771644
35157584
32821903
30865452
33381816
34242166
30764760
33175838
30535283
23090981
25015648
30216669
34038123
29554207
36062138
32070995
28325279
24855438
30166636
36334368
33983879
28453680
31504201
32508484
34587009
33067636
28320326
35866985
36304322
28785313
31054141
33790952
30969924
33827420
32945673
29726914
35060745
30458802
32315402
32786688
31567072
34003755
30465646
31088857
26527850
32966548
34928790
32722755
30753588
31110304
33904576
27587663
30371393
35758801
30953496
31529041
33493111
31922550
33647518
25064568
33682340
33719168
33493117
26635140
35863018
36103440
31159722
32369561
32845150
32573681
30519278
36063455
27378302
34455627
34034645
29800651
33624743
28961695
34335111
35902092
35758806
34890150
34618673
34699365
34183037
34033538
23202745
32011265
28334366
34978563
34791031
29868758
36171552
34570771
31329110
33819151
32609318
36369993
32035227
36644891
33693814
27153632
34248208
35764934
33360986
35172712
36376761
30420522
30762538
32828447
34429855
31521132
27153714
34122525
28334409
33076821
29361152
32580651
35300320
34043511
28608703
28666314
36482896
34112240
34559651
35903104
35604077
29770530
36699349
33704427
31617571
33230148
32730562
27587673
29993787
35497046
33407829
31437915
33303016
30250675
34496758
32657382
36425985
31847870
33856998
30601937
34880997
34904248
28029628
32981939
35561159
35037617
32926138
32717040
35839737
37128457
36084008
33606633
34050729
27659452
28833538
33080166
36198166
27467908
29110632
34611252
32991665
36712859
33000878
34274894
31964767
35311639
32232442
35157036
33970212
28795112
33515234
35964466
34158502
33983406
35656596
33051680
31161213
31738777
30618697
32556148
29931043
34596046
35441658
31710622
34252973
30598083
36893708
32243153
36699371
33798069
33662626
36094339
27663265
29515871
32353123
33740884
34450624
33784600
36608842
36176301
31492098
33515750
33630738
36099219
34021744
28605539
35664339
35591855
33963851
25953801
35780170
26515826
35134833
36699404
35068632
34320625
35705903
34500455
33459763
29961866
34692239
26870609
30102408
35916725
36242566
30799618
33324444
29106469
35285150
36249560
35020783
31197316
30483600
35453146
30423096
31324856
34141136
22851531
29940836
35425667
33914680
29993951
34864849
36257278
35237706
36656604
32657403
33465079
32420339
29157118
34636854
35195883
35309679
36304334
30281439
33381843
27531106
35465215
29982314
30815667
29028984
36530278
31752672
30106898
29850860
32722756
36308459
30395189
30740491
26424859
32311033
33067876
31842925
35561173
28961923
29650016
31386677
26072506
34403336
35604554
34893794
35104404
33269341
32995072
36284674
33602974
32657390
35177662
32657386
35020807
25686638
29616063
28002428
33072049
30218467
36644498
34152405
35767479
36001934
31338402
28453688
30768166
32118530
30993044
32154833
29360933
36040169
31545722
35775902
30813885
29900575
29186578
33280588
26515821
31985777
35758796
32248123
34991664
32386152
34601580
30989173
34037690
34954425
31479446
33616865
35507624
26124555
29048466
31613886
32969786
35104309
28574365
29069308
30500873
35349442
29420684
35274689
34820191
28437440
35293310
30908262
35866933
33359678
28172529
29939475
32634595
30093893
34764594
32031937
24489371
26833342
28379412
35425661
33848577
26315906
29181613
30851093
36303244
31829268
31943015
25406361
35578255
27043934
34563123
35788455
27082112
34330122
29115917
35212706
29036461
33830919
33793906
34849583
36048987
35674381
32935832
27045228
34038362
32805025
33051644
25461763
33571091
35994933
30052778
33089979
34003746
35776722
27480660
32746918
33620460
33174497
25984700
33085620
33543748
35763881
35798684
35561161
35072174
35211671
33560296
36229842
32034905
31373614
36246660
31392032
30016412
34057903
34252954
35039821
35360896
30040643
35175937
36505089
34461978
30875409
30821318
33135046
36271868
27153615
28968779
32730589
28724417
36205581
31649730
33315094
31751352
28398465
31819264
30010719
28470045
32912315
32163118
33483862
35441669
30598087
30352003
28215525
23799126
30716081
33150092
34471489
34757703
28062445
31510642
36587187
34260700
33822889
28961954
33999331
34172000
28486927
28130227
30102335
30423072
32246825
34954787
35199151
31828959
34571537
31904964
35446776
33121431
35491388
29688307
25481009
37171130
31584629
30796830
34213525
28881967
36379059
36123620
26855363
28498950
29718102
36579134
30423091
30530098
36462902
28854978
31248401
33595622
27918579
35653511
27634377
34874856
32941141
31504161
31218366
30052170
31693070
35881602
33509084
34601554
32083639
31621826
35235521
35441678
34709836
29265724
33890614
35801940
35765653
25573116
34329382
28968408
36209556
30388204
35561171
25294822
34487139
28198670
35751586
32096826
31598632
34995394
26644415
30798116
30414114
31790679
35785020
30806166
28365756
35080614
31566663
33325481
30825713
28655153
31681437
30304367
33561250
34930908
34289008
34252952
34935929
32165792
35914041
31197313
33081832
32164554
35033002
32692809
36586231
31229658
29893801
29930799
32657355
35364269
28467051
33378767
33405340
35030206
26787661
33866253
30414728
34108470
33677548
28671995
34347784
30999862
29868708
33904580
26101548
29498071
33040150
35018405
31598637
36096022
34594043
35182749
25165093
36698761
34332347
25075288
36699381
30816925
34600480
33226063
32884664
36374896
33856995
31888660
33258948
34880291
33546598
24931986
31228723
34240100
34974623
35615283
33964127
30101659
31945078
36193121
32614380
27182951
33513098
30096133
34694378
34875000
26027778
34694605
32717036
33944895
30779739
33185666
32614415
36282546
31800008
33424024
34048352
35947011
29750242
30295698
32386162
29126101
34973607
34025950
25617415
31441995
30202885
32777821
33983334
28954626
30788394
34244720
33190153
29360996
30701193
26019724
31245783
34702175
34780468
34139155
32787954
33821095
29950002
36409808
36324073
31021201
32734171
34270680
34117875
28341652
34571539
29949982
30052768
36327240
31542416
35020788
28351406
35998922
34033532
33109753
35179572
36543003
34469296
30989183
29949954
35758803
35397471
33502985
31832011
30137307
31504181
31418770
31295625
30452523
36699357
34404353
29985981
33035218
31389563
31481014
32334526
32011127
36741395
35165358
30535304
29695703
29432475
33287694
23734710
25079944
34603385
22942017
29169342
30059974
33240741
33251081
36284125
30169558
35788263
33716564
25407910
32484876
35579371
29126132
31235800
31999334
35152294
32652926
35130145
29425247
35781328
30020406
31592524
29136101
36368499
28066816
32188846
30727941
35998893
33052694
36565481
32766813
34951625
30753298
36091975
36083882
29684099
31593229
34998362
36315078
28881961
26958160
32086208
33431047
35731204
30871459
30213719
34849595
30102349
31015974
35021987
30184048
36444655
25970601
34954790
27829362
30932143
31346355
34672334
31192347
34473625
29037244
35853059
34266387
32292644
33071741
30944779
30180801
32998684
34773900
31760932
36320862
32365016
32154410
35561186
35713588
33788693
27134733
28934481
29534151
32717039
30918410
36274122
29562347
32086210
28038834
36177485
28346786
29596640
31290946
27378289
35965772
33587820
34571541
32866237
30940197
33381817
30878356
30423092
29474557
24123672
36699402
31504154
34858694
34280546
35809062
33646945
36225530
31535074
33742661
34213528
28334266
34178449
24078712
35574253
32428223
34170297
24555103
35157695
35895654
24860160
28166512
30423107
36530386
34529565
36413905
31864964
35561170
34820180
32049317
33444437
26406767
35156023
33724799
33990598
30247517
34449891
33765913
33471075
32526036
34056314
29954318
33106154
34252953
34703873
24860644
35133949
34342428
30020420
32573652
33843206
28160525
28003257
27100738
34905571
34488031
30475993
34086565
29771275
30103816
29771282
35669345
28118365
35992221
32657398
35962988
36054402
26710886
29973633
36699366
33767343
31510677
29021608
35775946
33120431
32852038
34252945
35695776
34791062
28633344
30332400
35785626
29322912
30892206
32663240
35246677
31584615
34252931
29092948
35799364
31835003
32396573
30165579
25521965
35354136
33481710
31622330
31606584
31250884
26415723
29218893
34181640
30307536
35258562
29990239
34358286
35279423
30102598
30973914
28938003
35860412
23365411
33461213
30346487
32903372
26209801
26520855
28628618
32186699
29970003
29994619
31285647
34935928
27142976
28103241
31613246
35758776
32657397
31346949
26935931
36314636
30052834
33415328
24812344
28362877
31588513
29484742
34216888
29791068
32648364
32797179
31742318
29868922
32149637
27694209
33031552
35881697
33711013
36073898
35719691
32315385
29877507
29684008
33521223
31076573
33481709
33863886
26635739
28334108
29912365
32722774
33471076
32112086
28115314
29365182
32463818
35272051
36227127
34982704
32321164
33760730
31319888
29699476
29250934
32428219
36219669
25170024
31742324
36074804
29907088
30271584
32931549
27993789
33075075
31199463
34734969
34997044
33584016
28541468
29444205
31841624
25135945
30859188
30407584
30624692
26093147
29563867
33010156
36565485
35260777
35275993
33325479
33325501
36503372
27797755
32012148
27716038
22923455
32213349
35048955
31834359
35536111
31762961
32311021
25189781
34623394
30220114
36124790
29036627
35281831
32986131
32171661
34864881
35521557
32577712
28629365
32392248
33971574
34798406
35312734
25667548
29061343
32031934
37015410
31860654
35493723
34715775
30915105
30013048
34464837
25123904
31800044
24493035
30887025
36311267
31443733
30165507
29870348
30295697
32124324
31350559
35929794
33481715
25953282
34935889
29678694
33584814
30785185
34498677
31847917
26733454
24677618
31225863
35157015
36697671
36945327
29587646
34179897
33294868
35014701
30241460
34868261
31613774
29868720
31510643
33561126
25452688
34699352
31636457
31056509
33104709
33059238
36403354
35143999
33166775
29668830
33560976
31323239
30281486
24627804
27277057
35595245
32388464
27503221
36608843
29746620
32653900
36481608
31612127
34735342
35648878
31218349
32101277
25913204
29868872
34962976
31198637
31616568
36242933
30199639
30958870
27706155
30445993
35698033
27797766
28535296
34352454
28195840
35035092
31510707
31477013
31510650
33760063
26708334
33381833
32449747
34252948
31521110
35389631
26093150
33821954
35164688
26754002
31931182
35639939
35841810
31886666
33933913
32722772
34950679
36124954
30423071
30407482
29912272
35989601
34252964
33729937
34951841
33417547
30380025
34181534
32854956
28057566
31792509
32016344
26830846
31222035
32631445
33193120
32152349
33651801
32683450
36455424
35721011
29028899
34718406
27867380
33900599
31888467
34789306
36514317
35792838
36462373
33566819
31665135
36395139
36182914
26644417
31139240
29534152
33412539
25000497
34341836
35588568
33974001
35316185
31735706
29211823
29790921
35154282
28881981
29538614
26224735
31088372
27283950
28646399
35838124
29876376
31937547
35339665
33585460
35685437
28890673
26555444
34714742
32642856
26619908
26363175
33633771
30336361
33407112
36253435
35157023
33515232
31727128
30398548
28936668
31449516
26864881
35913055
36179087
32154832
32012021
34910656
35174267
26656567
28472320
30101335
30590415
33335686
28968761
30564943
32853816
29547981
33999190
24828207
35733251
32871006
35996754
35721178
36091046
33156775
31093647
31296971
32707038
36209109
33313760
34028547
32657366
30911754
32854699
35157577
34601556
30486389
35105077
27522083
34915158
34029186
30957837
33983397
29881445
33724355
33755557
28931373
23471004
29879919
31510665
34187495
33503286
31131080
34009302
34978573
31197308
28137713
31072312
32657380
32508888
33602124
29878056
34101587
31347689
32941156
30068933
35977383
29295113
31038685
33325496
34029192
31849012
33225896
32091993
27893379
29511531
35038653
24002108
28267312
32592658
27556805
30407490
34255817
35439943
31746978
34252936
34623423
31453280
35152286
25526884
34899838
30999844
33914028
33108028
36521357
35869420
28918707
33815689
32657388
36206844
36208833
29949985
24667828
30615114
31757199
34755284
31608923
33515011
37077404
33731963
31786183
35344823
28472965
35817295
34415528
27797777
28158333
26840125
26519503
33175089
33188264
27587656
31121034
29649301
33416851
32494636
34081579
35751589
32750860
33476161
26549421
35253844
36040145
34021065
30768159
36324897
35317233
35894632
26644980
27162186
31729669
33124660
32663130
35196230
32129840
31004476
32585598
30530364
32497070
28968667
33230549
33216122
32232439
34582347
31355053
35689601
30544729
31106327
31560365
21501495
34661428
35695777
35043143
28637810
35662457
33905492
35664289
31883441
35951566
30634902
33970638
31969902
28200078
32061125
32435866
26972162
35289352
27297497
31247294
33934005
29726845
29253110
35503853
31541145
28379332
36481459
27587683
33170786
35512389
31781551
31749839
33879054
36219662
34478503
32506590
34562726
24162466
27298258
33635857
29589554
34704748
31483777
35451456
28472919
32761917
36951805
29599418
28616931
34986221
33979356
34437059
33680575
36326438
28860070
34260689
36111859
35465060
29387142
31265408
33028195
29590294
23796449
28416765
32726427
26255989
29072143
35380961
29228186
29463808
29261730
25701572
32516355
33677485
29070028
26454281
33289524
35085079
34198389
31467326
28119307
36040936
34535795
34175939
31593215
27797770
33627732
33492356
34601570
27766951
33556195
31436405
36383612
33395989
26338771
33346817
26500767
32766455
34030625
29907888
28289731
33381813
35120005
22151646
36777397
29994683
31029609
25093067
30286803
36251702
35723541
35015814
31208319
30903692
31904845
34790895
33581338
26545828
31768265
34487140
29060296
36451089
29994297
31403441
36083957
35561182
34111004
35500083
31870979
30239680
35796389
29931249
35751651
36324085
36494623
23068444
35473941
29897235
30860569
31824778
29949981
27795739
35976846
28503747
34232898
29471801
35551337
28011779
35972783
34589183
32374816
33602549
28193886
28261542
28977511
32931076
36262335
33888856
34718413
24903420
34423306
33297943
35867359
34799151
30887042
27503224
33126836
33129253
27609510
30824917
29949979
23904198
30903689
31793982
33851145
35132383
35672769
29949987
35157027
34739377
34541588
27230384
26732662
30443582
35758777
34879076
33334380
32118203
35536192
35984806
36115098
34343090
35662469
28391044
30321304
25372389
26227145
30203003
36197862
27733115
34252921
36532615
36151268
32954734
32044918
29688321
36383492
29162056
34028557
29626295
31849321
33647482
33571675
37015438
35127729
21724594
36699412
31930404
33929956
33822856
29994096
29992253
30582223
35850048
34866905
30777018
35939475
37082512
24931990
31298436
31262303
33720834
27111718
27542959
34284119
33604806
36264141
26026137
29931098
33326376
27845669
27540269
33239644
34177125
27318207
30874801
32356787
34310321
29048524
31350847
29186351
29523077
31693086
33894380
35673616
36209437
30758824
32660416
28515774
33416830
36029242
33819017
35998331
34145874
32678849
34899854
35451453
28881995
31225858
30346947
30796811
33886473
33436980
31116383
35277963
28099991
31243426
34437079
34760378
36780251
33325493
33087810
32840564
31750879
33755554
31510660
31749833
25161245
32369563
30202917
25949785
29026651
32399572
34034781
30592175
34449359
29237467
29656107
28582538
32501254
30799504
37234236
29379090
33347435
30689714
31880565
30343669
35831808
30850377
26787667
30239588
35042333
32293719
35637537
29773078
35900159
36168679
28110292
33497773
32790840
32207518
34020549
25161247
36517892
27784265
36170114
25080132
32706854
35846129
24027418
28700989
30207963
34430337
33331849
27993773
31199464
25978296
30083449
29967471
28186221
26280328
34871374
31504185
32657401
37015523
34719891
30541430
34113801
34543758
31874633
26076957
33875676
36326078
36086594
35799304
34966415
35043189
32917275
33126246
27587658
30697231
28334338
28627731
33831055
33822890
35788965
33465025
34694373
29587627
32938392
29922260
28591182
29533817
35818973
24567544
27587659
30809638
32790776
33577560
30609936
33961321
32003788
36179091
34788800
36623381
36270100
30793050
35685362
30615054
28053671
32134470
29939227
34132422
26507285
32781377
26246894
34920707
34180522
33864455
33585871
28438193
32886093
26763976
33983386
34986598
35891777
34955725
30698645
31143202
29499649
30850830
33872149
28453674
36699354
32972355
31178689
31618265
34354925
36227057
34214079
31902755
33910608
32641141
36410027
33517357
30295726
32167918
30777029
34224355
35915508
33431010
28334343
29931128
35025744
34996359
36699356
33504622
26220959
32502244
33430999
36155435
33974004
26260086
28542466
34320923
36369450
33325498
33682878
36282823
35758821
35751599
36520746
27041219
34252940
27153633
34892758
32987550
29077810
34788994
34301987
35325039
27288492
33166286
34764616
34092401
34652149
34582345
33481708
32384242
27695476
29949964
36271855
32717050
33760739
28957499
35258549
35258565
23661685
32016319
36587217
30547399
29912287
32074390
33705524
33647949
36304282
29342229
34322282
35016262
34166365
28152980
31167637
31510706
31693075
36216026
35853055
35810236
35617184
33398191
37015622
34991457
28837112
30845922
24947752
33320934
33761980
32399561
32207529
31134269
35253843
31588505
32814974
27736901
24657354
30475995
34613360
30042776
33936417
31071140
34390568
35081029
33686856
30423090
32272889
28575488
29723232
33247708
32016382
35779445
33709154
27187206
28714590
28881962
36582438
36450186
33058322
33658568
37015497
34240099
34877370
29179095
32997627
35274672
31686064
31944972
35981063
33909561
33711543
28231764
35840701
32364713
35782269
34890783
32853151
33969520
24931998
35245193
37015356
26262258
35544501
36451086
35635814
34550879
30297454
31901507
34498028
34954796
29121165
32471392
36321857
33720833
31473443
33617523
33329686
34180954
35879669
34289014
31764991
30140608
32007702
33834181
32966276
32939179
31141124
35135612
29053447
27354701
34398217
29881786
35365069
35426900
34257841
31929520
31392309
33890502
35674341
33870722
33459766
27134723
33821270
34798904
32986553
35253896
31591575
28177067
34122893
29533742
32597948
34788368
29072142
31660851
36699403
32657379
35850574
30705124
21595876
28582486
35349939
35128279
27153699
31888480
35784219
35295748
34795698
29228171
33435872
30657860
34888618
27713837
31577193
36070863
29048461
34517517
35372421
32415959
31059559
31117943
32031567
36284264
34983060
36756173
30993318
34627139
28108448
29949994
34786208
32078571
33037212
32159761
31609429
34061755
31996844
31877126
32866155
31931870
34079825
29036643
33416867
35561176
25138168
29040374
33384896
34117734
35228606
27466624
32993482
36417732
34551708
32861160
33599251
30535063
34846893
34543194
30659767
32849789
33887487
30541067
30380092
34890327
31015508
33987016
35964688
35133016
34673485
24681267
34897387
27153601
36073911
29780309
36176106
34539193
36531573
35657588
32516113
25252881
28582480
32055708
31885041
34298085
27634135
33583182
31950974
30202119
35297013
31618226
32308731
27068484
28968831
34117879
33752591
32540700
35226470
31368486
35121854
35201629
30601940
36713026
28369524
31681944
35192467
28671456
34488734
35687625
36182102
35639973
32245364
33135050
34340101
32703240
33051656
33162997
33596173
34355556
36503892
33240618
33853539
36124792
31930382
28345910
34320631
28881999
36566526
34703489
34270903
33730153
35751813
36700089
26382197
33994895
29348552
28868521
32463100
29912344
29642836
28365736
32643287
32585190
33459779
33159146
31584621
33051672
26231182
34252932
25558360
32996237
32243542
35561194
29246107
34478497
34929739
33768631
29462243
33091296
33682875
35349463
29186334
34146087
30563850
29239170
30535000
33666423
28605502
31173058
32623815
26086579
31790149
33039785
34694393
33417699
31504206
31985434
33981483
34941534
28701181
28108449
35135622
32515949
34051621
33646946
33708457
33830183
31095298
35876860
23508994
33872313
32530587
34927685
33399819
31504190
35799359
35797580
35787295
31971559
33575563
30521012
30874796
28092529
33070182
27587679
28334167
35640977
30587115
30390627
33430919
28003266
30768156
29528370
35758794
27153648
30020403
35501393
29399241
35795573
26438428
31572629
34723532
30967123
29795769
34017660
30401579
32437523
25350584
34259999
33063084
36148009
32915726
29126153
33844699
34726834
30086146
33691015
33842844
36194712
31843001
35984287
31328028
30953498
35073331
35471879
35532087
29994331
32750923
28453671
29352257
33419390
31566657
33147616
35480046
35157303
36577938
35758817
31142576
34931186
29954342
32051612
27930330
36434497
28379331
33552144
35482479
34515762
27594833
31400192
35662462
31829970
35815196
31828080
30689726
32637990
26026138
32657375
31860059
29447401
33079991
36274234
35118380
33824193
32845323
34471500
28369316
36086294
26276516
29069412
24876377
35108499
30418906
34460370
33026066
34044757
30288626
29688253
30962522
32152330
30825718
30388431
27434661
33258967
36047834
30395166
34847169
33523102
31141125
34748542
34396096
33165508
32397982
32849762
29157445
35239495
29441122
29346510
31418773
36700099
33325502
35946527
34495830
30117438
30987598
33367496
35003914
34647994
27570544
36081637
35157576
35977827
24324759
33270563
34961779
28605406
33208097
35731219
35188181
36383500
25281234
30657867
36304338
34019069
29608746
31801633
28968777
34340108
36034050
36249566
34364858
28344988
32814953
29390109
26656189
32609371
34599094
35561167
31603772
30961611
34800787
36205617
34672333
28407033
36057184
26861819
27153581
37015404
31011536
34864909
31677002
30547404
30867986
23267176
36086168
34976028
27587682
34553763
35584076
32928110
33431004
27623844
32857697
31971583
30481171
29155928
35792827
26409191
35514205
30854550
28348549
31077303
32058946
28249758
31593226
32149022
28062517
35257868
36459604
36455001
35639499
34663998
34596539
35821155
35380614
36376928
32305947
35580808
31438843
32280947
30186360
27548645
30555524
34923956
35596953
31289833
25982732
34252957
34182919
34375281
33872144
35135629
29986074
33739367
32559172
31262249
31621830
29028894
30408727
36016822
29790915
31686038
27259541
31173059
29850778
30169824
34648430
33193602
35171981
35504967
32774783
31193137
30631966
35081992
34469515
32693795
30576415
33532840
34131148
20562450
26363028
35243479
25885358
35266510
31309005
33232224
34773871
32683445
37139473
30566647
33755553
36308461
36456283
29187143
36405344
32687862
33016988
31369634
34101722
29385130
28968736
26409790
34606606
34433415
33527202
32657392
36700107
26574266
27153656
35524557
30577836
32153642
35461016
28130233
33141667
33623728
32840568
34505994
31998998
29548336
30816726
30967126
35451460
35561177
34875010
35615016
31918654
31134276
34999162
26454276
29106443
35211363
29096012
34748152
34763725
30541436
33301100
32808039
30725469
34543855
31226076
35179549
30192920
30993337
29659710
35753105
32058559
26417198
36287062
29554215
31271967
32943081
34162922
26504142
29033976
30988467
32972363
32070491
32780798
36539717
32392062
31848574
33822886
33092528
28087515
36346782
31386102
28881996
27993782
28108446
32912170
28416945
30831356
34028497
32743020
34908106
33381811
31287816
31783882
36244303
33508103
29888070
35368340
24564867
34965197
31135034
32226607
28633441
29048539
31727118
32097410
33904142
34716354
35217397
33855366
30677030
34291144
28806759
36205845
27302480
33631424
32494309
28517928
35706060
32417716
35700259
34213526
26072487
27497440
34863063
35758773
35143604
29028896
30462350
32312293
27168602
29308454
33367555
37124703
33617450
30848784
29994639
33727685
35119811
31388390
33780034
32298413
29687309
34329155
33051749
34348186
36378795
33789137
31588519
29175288
35069687
35713513
33720291
33570092
28961721
34764604
31081037
33939608
36910011
31070714
32315393
33973998
31634148
23506117
35751014
32684276
23239673
26323715
36568700
34232882
29890948
33416868
36053200
29363425
33822893
37015641
33239857
31439014
35836615
34739378
36474140
27812418
33304452
35157024
32641134
31568525
34107042
33538780
33483722
33126261
35007753
28430977
31999333
34076241
31872009
35870203
35608303
34941501
33307250
30197842
33730352
33560368
35239481
34054849
28122779
35758818
30561551
32195587
32589017
30598068
33372596
35584074
26209429
27159268
31615393
31510671
32249297
33385699
30598099
30407924
34021703
36313959
32960962
36053005
32805020
35799367
33827413
33904572
35820011
34601583
32467720
36315496
28961932
34026747
32991679
32735319
36426239
31867045
32954206
27436562
29989077
32096823
26607490
35963419
28252402
27224449
34220432
35083040
34788279
35370319
24588150
30573468
33356151
27837568
30925859
36168700
30179493
31878664
29757357
33589703
27835642
30445568
36124788
35493464
35192350
35124367
34197462
33755565
35428171
31282937
30528274
35199150
35657830
30352147
31225861
33031632
36282980
31861972
33244599
34271531
32070271
34882225
36699413
32126064
32085724
34143749
31510651
33774659
33170782
29566129
30184046
33485586
32410977
31883554
33974010
29425308
32407511
35561188
35394913
28582565
30256901
31245182
32183735
30083448
26042145
34656169
30590407
30210790
34543136
32978617
34033540
32869348
34103501
35155486
36178456
27659450
31510640
34563256
35344484
31253084
31593244
29462241
32096821
24363381
33537683
30943889
34156475
36083008
34705643
35247965
33630065
34871167
33226062
33121426
27639380
26280450
31375721
36220110
35430558
33571088
34252955
27602267
31099383
33787851
29040602
33367588
31899493
30627301
34336399
30439394
31332428
32905086
32100706
26842621
34132781
35358045
35927613
35199152
35639657
31856704
31060495
32415966
35929807
33983394
35136916
29304741
33264391
31347658
33031558
32393482
35025988
35664237
33978706
24211736
36040148
26647377
27336171
30598066
28158331
26428912
34986226
35832615
34050747
29045591
31386904
34648458
33188996
32640986
24336412
33932779
32108859
31851311
28407035
31999322
33404053
26357318
31510658
32393170
31494667
34214038
33367516
26556383
31544213
30132445
33206601
30878035
25147357
31077310
28541404
36474089
29579309
28841835
36345035
31714219
34037712
34745767
30402350
28379346
33815430
28095193
30220905
34252628
31487288
36307757
29949953
30984370
24470571
33733355
35849097
31729446
32850687
29870340
29342247
31500660
26653327
31026578
34788790
34544495
33476332
29213995
34923927
29993815
34999749
33355662
26969117
32605926
34923250
33460380
31830916
36111865
33561404
33720325
29504903
32657378
36999088
34270423
35692094
29949955
32717041
34137821
27586041
27322848
29949975
35561184
30403729
27684958
31596456
35731209
33611053
34924896
35709111
33674364
35834447
26643039
33646949
